jetstream_northern_hemisphere_250mb_20180414_18Z.json
{"header": {"parameterCategory": 2, "parameterNumber": 2, "parameterNumberName": "eastward_wind", "parameterUnit": "m/s", "nx": 501, "ny": 193, "lo1": -122.50756307714549, "la1": 90.41852926140683, "dx": 0.5, "dy": 0.5, "refTime": "2018-04-14T18:00:00Z"}, "data":
[rows 22 to 43 of 193, columns 200 to 249 of 501]
6.021778346436426,7.711738040634639,9.267659751981379,11.205154989883562,13.064390579291532,15.098008927147003,16.71526378255378,18.84358063604609,20.448684949197233,21.835375970915273,23.640071550977584,25.686915786918654,27.512314244458032,29.57316766351974,30.830256596367104,32.087564541568725,32.599103761026804,32.199727542133395,31.069045355264706,29.943355583941774,27.902524161055208,26.618763510474547,25.362922482401473,23.75656360200106,22.317324673665528,20.863952518528002,19.301609157245327,17.57255743904658,14.42065780067406,10.816969347709234,9.054261651737194,6.546735084498197,5.264005213877179,5.212361471802664,5.17071249399153,5.264949785551802,5.494801294084122,5.9004743708248455,6.150848721584544,6.357467812065888,6.603916242539629,6.891371792827497,6.884776718994421,7.7137588266792,6.933067689123606,5.933849681626787,4.1858665016145,2.3759910629825693,0.9239710652644951,0.1837850901396499
6.35210571970267,7.861631581827653,9.873475273471193,11.304801632564377,13.70025510324874,15.930898665855858,18.25405050041235,19.060668298285563,20.999557474291358,22.634688763852754,24.13522123140615,25.781262415126886,27.923320341756597,29.549994907878588,31.033663674963837,31.4202356517607,31.289545231710314,30.358118417246963,29.15054644905066,27.4289618754684,26.45559218922141,24.755204049299078,23.995780783480026,22.2182829556386,20.339083618015145,18.528241087552907,16.57816132460143,13.80131320455981,10.524911155253559,7.8591329825813485,5.766822828360387,5.048798577095754,4.569832510955544,4.51263665345734,4.956320497397702,5.2419470069860825,5.474531828654813,5.705534070715776,5.58678379984664,5.51365128940726,4.879488381154691,4.977278411208436,3.53187114697101,2.858969050584913,1.1965934231915978,0.21069008491151608,-0.3084492704690114,-1.3617146602737817,-1.2285808582854998,0.07747492327136823
6.85643057536246,8.525594880202842,10.434581929239048,12.891701993161888,14.710875124202705,17.014947780276948,18.43680710063154,19.805151126819496,21.09909301188653,22.612019488861545,24.45802543612914,26.698636776577708,27.558738794184475,29.27702949312622,30.020288401058473,30.165220179216195,29.65514365499657,28.661567656886213,27.633399303186593,26.450979291562618,24.79868359597848,23.846453802017585,22.134833338438064,20.460633123501758,18.32770322684076,15.855872887788525,13.65945164019582,10.426147639370724,7.757195770962117,5.531729212342751,4.5751216122827465,4.166359898842669,4.341428063918913,4.669888966997125,4.933468894216059,5.136964767442543,4.738596141188131,4.315671628656357,3.787465914176324,2.3285052554383743,1.4748954201871534,0.40378311500085695,-0.9029396436952498,-2.183505078360385,-3.158224742964199,-3.731809465425063,-3.2928622037315063,-1.6379033238819307,-0.026117484927160834,1.4346314015311674
7.7780806392857045,9.289929082498983,11.720601352004788,14.199653360118038,15.89714141813483,17.400731564491842,18.84256177496623,20.163541195564243,21.296412005020258,22.646945389589526,24.605738389846138,26.276123475008248,27.661437043901643,28.37201084911334,28.85983366276953,28.4241213327343,28.04886940061772,27.65454675657129,26.42966302532061,25.395671616039767,23.675721484504884,21.739792913901226,20.547588046059417,18.50958562274104,16.26402747141102,13.637161967083522,10.653683969204444,7.760090315008284,5.606081112599445,4.413609573193545,4.092817373677946,4.360149443828018,4.972703707118017,5.134849422080247,4.947676852693792,4.278071196629032,3.4021352765783774,1.6856414744165875,0.07936728350995545,-1.6108470414920066,-2.7513743216422935,-4.566997667187289,-5.038074700194581,-5.362031392044648,-5.002909461899714,-3.838820350934987,-2.434634323091224,-0.617490665115971,1.3822093824452626,2.6356055259931663
8.995954165392103,11.306509999556098,13.133376235710134,15.117865127850195,16.728215272484256,17.901677386222374,19.17522796825593,20.05986716556491,21.372649906682945,23.239825058772517,24.567327255917046,26.00858075582429,26.690046544188938,27.08142704666129,27.150476327137312,27.047191565871856,27.087434946723683,26.30717867673939,25.965812064441977,24.337718101446313,21.906131736348836,20.635860594921883,18.148385053834424,16.129405000254476,13.557837673322487,10.637647118402231,8.062051452811867,5.783643557093921,4.686767301973413,4.330965285142863,4.566837206357577,5.091303328467338,5.419274577972193,5.117937473279385,4.062367136650226,2.325738810750624,0.27579677857260765,-1.985068954348776,-4.011067715870971,-5.759459237129649,-7.466726158565615,-7.723223807805227,-7.001466576161294,-5.661026443392678,-3.671070504127476,-1.9840454435253656,-0.6963960583290799,0.9734162566076683,1.9744151206040226,3.184052826808002
10.712744412850459,12.739960410845992,14.27924769767035,15.671837209018323,17.058800352602685,18.31568752664346,19.212907989010453,20.341496619326627,21.392412530590775,23.02844603720237,24.528647432406004,25.38734813037815,25.849908319322026,25.777715254619153,25.833779364018667,25.984858520616392,25.99680647391599,25.36311524957032,24.45955932142064,22.555697395580772,20.90485789627734,18.528994324530146,16.227472470208035,13.626775549056843,10.810086202429506,8.248473969521557,6.046666727746008,4.880011478000348,4.57219847862478,4.888220701339136,5.495366720782344,5.9431468460161785,5.69713657846775,4.5103563981914085,2.2281717431117753,-0.4456027442553471,-3.6214781637804294,-6.054781302905762,-8.50242584637891,-8.865080362791138,-8.844820690506337,-7.815104470787394,-5.924114992114676,-3.181020534614248,-1.3465522989141916,-0.28974151553293304,0.82716359547206,1.7648942749871699,2.530650778608534,3.465465508243811
11.962941339339203,13.626263761566648,15.119311563431598,16.087041559506318,17.2713963117902,18.086161165329685,19.295778642566255,20.63000720470131,21.760071848175052,23.20201958218357,24.124114118061204,24.678269791770084,24.80077316076909,25.035797907003143,25.040254944643475,25.215336830984295,25.075183244087015,24.424783863409147,23.36145763609958,21.02957253551798,18.732295635383405,16.11438474653729,13.157136958762624,10.672507315362786,8.179654678932607,6.145933384670728,5.0255101989812925,4.726816988956699,5.140351205372232,5.8076411015403675,6.402089722486852,6.377543741331663,5.270072231149401,2.951604071595461,-0.2444993719402846,-3.711083962273038,-6.890153305416278,-9.676913954827343,-9.919614733662524,-9.374421604625752,-7.426519741195384,-5.705950632282964,-3.108452281789882,-1.766090023675556,0.23891420983431327,1.2410603030136351,1.819643859376752,2.1571655198017288,2.769543039433464,3.6641061181008228
12.966583985029983,14.208140607621063,15.479848857104551,16.43373474730413,17.07565049012142,17.853130201824886,19.092904187620043,20.886337688702767,22.40424931850969,23.493272654059403,24.23899852299192,24.212683889688464,23.998367697894565,24.00300724278832,24.000624846120708,24.424936057115453,23.502071791829053,23.4814786804894,21.026131980784818,18.14197878537999,16.448620832782204,13.191227240723174,10.81136546175699,8.177956759084395,6.086454896139073,4.988230334399039,4.75230977865591,5.164800001108434,5.954988430058294,6.761785099056331,7.075490641208677,6.412999931617252,4.52053690194375,1.1494630182188434,-3.1557845836048886,-6.861431849569731,-9.317133398036113,-10.40771646696459,-9.402139150474925,-8.250701870104345,-5.687618098206611,-3.3774896581007696,-1.5899051762875929,0.21110515575285052,1.5196610479910133,2.2561731375468357,2.611875418597255,2.5992874180579224,2.5738398324514584,3.5808548428513003
13.69536736563456,14.594990974347853,15.569585158597498,16.31695034897194,17.206716835643302,18.18209972082577,19.309863899173212,20.989465475286572,22.51476344462007,23.65301709136059,24.031244862809817,23.77192739160496,23.51024184528611,23.259586741739117,23.218281106449627,23.003033205759834,22.66556042675142,21.011007743501224,18.99388346019281,16.486377141400535,13.556521754359306,10.678844007535204,8.065816961727583,6.091918927985605,4.988823210454438,4.798643806121829,5.31173350365664,6.159864143364985,6.997091774439725,7.5071622359121655,7.0875010675613,5.608049762153295,2.4224857554861474,-0.9133544778753875,-5.204440662192775,-8.771078555090506,-9.730656491158747,-9.239016378587188,-8.093614813058517,-6.030115446352137,-4.267418952289472,-2.1663959213463264,-0.17268784746975546,1.5000382155084389,2.63439826990614,3.370001841916409,3.471613922594076,3.0763523358959084,2.9185282217132205,3.1971254415261257
14.087249083438978,15.083736542796492,15.60307978958749,16.41358408583502,17.296099663466375,18.6181228096823,20.10684172594079,21.32232996234935,22.642761888424996,23.49453969128689,23.61045098877061,23.38757538594329,23.020164222297094,22.628337916380303,22.316746580473726,21.783624743182962,20.82372542837235,19.370841290534145,17.255226157226183,14.190353481735375,11.413135474528017,8.597159287543459,6.296553096788227,5.223209261367755,4.93223289284121,5.45519803377629,6.424038774368378,7.2737351397257,7.868925268873721,7.805227560190076,6.939900348728775,4.540861720557908,0.2274297651217596,-3.126401597893915,-6.731270258364264,-8.933139183593724,-9.022380023095442,-8.33691983423219,-6.634937644309682,-5.11359051444026,-3.198553670978507,-0.6650695988342029,2.0675176607719465,3.333474067094522,4.826661008613318,4.709209724211222,5.036586202328065,4.060407942745883,3.427129459105337,3.6507974674174353
14.455153008797508,15.176466349174653,15.811619950466513,16.766542438236964,17.70710237705258,19.031322358441535,20.384375042523942,21.645807469225712,22.90317711838979,23.313867896462565,23.165625170309106,22.932002480635337,22.474796783046386,21.751655737232515,21.387278231641293,20.367489557626648,19.23784510421814,17.330119846951153,14.766778401757758,11.896465098196291,9.078785708007727,6.842320126315244,5.590850624965647,5.32717130293015,5.823059355655792,6.7831019560821035,7.7400888580414255,8.32829975744948,8.300629832674472,7.549008849926961,5.409599720010775,2.9474032094823834,-1.143715895896121,-4.053445422146764,-7.232369430022203,-8.276108809336177,-8.20933029735792,-6.922234029882103,-5.953865890610129,-3.8764410917488656,-1.6161825002852073,1.026737339204964,4.027448028409476,6.102645191187646,6.505166745262737,6.751026751126322,6.301482291537044,5.334186860019008,4.061085696148636,4.352608264386254
14.597814669745427,15.440516782270896,16.2226877512585,17.091951389514467,18.174616211377423,19.482755092113116,20.602730320273235,21.79917193166994,22.654987510852145,22.939575213928286,22.66355085636712,22.20085345257469,21.66085600183194,21.138320653485238,20.34516372506958,19.0713877036107,17.732332822886104,15.795677943247949,13.530717546457382,10.85281447469243,8.308435398545683,6.564888987552495,5.9018608087128275,6.216071188980742,7.0929665226505785,8.087313056534647,8.82900025351976,8.88500737930083,8.356873339296186,6.778138823546347,4.385543165328772,0.5626467488381579,-2.9873740691061528,-6.000990331046168,-7.36141995675716,-7.8553172634840145,-7.156185721627386,-6.212663863304167,-4.69875924277856,-2.314051578130018,0.20033833483302327,3.4613768254479433,5.947205522136269,7.5219225895071515,8.72983965441635,8.230507616823784,7.4796590843821935,6.5679289764179565,5.519218848791569,4.873639780785979
15.006241445124811,15.618061939764713,16.347540851621083,17.319929500461075,18.821829566795003,19.762589695464296,20.821678666847752,21.48171638691973,22.3913801466779,22.37238343781557,21.864513890863325,21.46311657227011,21.04149727585657,20.27382994479717,19.124381608230856,17.76429447384014,16.09533509228665,14.476120023021785,12.059063580443526,9.490840822196267,7.723813248565993,6.493429066409949,6.497172658589612,7.237378654553582,8.212513724176977,9.026848680732948,9.284486582673022,8.81257824187201,7.519816502868829,5.575337074460121,2.449957656938715,-0.08981470468880001,-3.5302332096721294,-5.687026323396005,-7.210115174905314,-7.013516523749593,-6.438247105355465,-5.1308009740821525,-3.4655262652430627,-1.1360747141736773,2.3300646720829583,5.714060880144106,7.722329706139496,9.64186957295467,9.98048670792359,9.803870062753752,9.00184848128696,7.310052979410948,6.104360445652238,5.615222074573061
15.093448436783266,15.559437188686788,16.16723363786915,17.364879987852856,18.660313871625412,19.872679785257876,20.71928871859965,21.568247094716522,21.631814233130086,21.40963600791885,20.997891573631442,20.716399581015597,20.372465979163568,19.558820916852458,18.512056316001278,16.779574514651944,15.19251511858723,13.80989036121602,11.805080890747949,9.922245533574722,8.074713519040213,7.2314671289637005,7.181204267460761,7.7838020482536745,8.55961479053472,9.103169244393278,9.108498740986374,8.106416801949814,6.646008466382053,4.1509435435158375,1.0809565683481435,-2.0845500478064967,-4.4595028299399,-6.117090415208631,-6.567052616306377,-6.294022939552714,-5.42381472578895,-4.087044718474468,-2.023518742196623,1.2661145545593513,3.83283406449131,7.019850485761158,9.582453570965427,10.759555581515869,11.136361567587905,10.623804256707,9.728975120668421,8.493581093938836,6.818404052572021,6.053853343280097
15.072384750608329,15.407183755571275,16.15809903161392,17.04753690988449,18.543601491136055,19.513265765518717,20.200914230755355,20.752758137173824,20.765294633321943,20.458704213101225,20.145121474549136,20.040815783188698,19.745478076776976,19.36969579011201,17.561186221617408,16.176027382383875,14.580046789888005,13.320304315200813,11.505105844611412,9.870307767500481,8.608755088934124,7.659628262067172,7.734663788711593,8.211362238832283,8.747426107404156,8.962549877337256,8.416965033776304,6.995839956633806,4.967971475754329,2.6499456799464065,-0.28550303007696864,-2.3958686749116467,-4.3238691772143145,-5.50760039879228,-5.781790571293888,-5.203143412505649,-4.222552449779636,-2.713315389992799,-0.20835049547961548,2.651086727956047,5.862334158360835,8.683902852456562,10.530863475845864,11.578293063248228,11.8520920367102,10.895279939072639,9.891889693724963,8.530751928923774,7.120652718284413,6.396434737566259
14.75921578603126,15.28030575849921,15.947043558662639,17.356863721359506,18.218629715020672,18.92420039508124,19.36671828786281,19.814236647072313,19.675184419385566,19.402960921209242,19.413295359347824,19.340740364945074,19.25761590118894,18.80157910767041,17.448827582197225,15.876362814333097,14.120926715768881,12.897482012497175,11.510114319377262,10.312069672382101,9.066971750597496,8.394814821309833,8.132921891422734,8.295073285336223,8.50216832040635,8.343720914602667,7.620881875213422,5.821903906989887,3.9021661068419746,1.2703317791282263,-1.3442398837595522,-3.484662563775667,-4.564138470506771,-5.002575905026054,-4.690686543468226,-4.082739013069842,-2.922204676572129,-1.0137831521950458,0.9598475692590439,4.265921619836091,7.11901811664662,9.213447489933138,11.257889178074812,12.135287909797212,12.08972098561799,11.152684291536888,9.865210851102006,8.336297057753397,7.3157251857995576,6.958176942521173
14.381114721910551,14.92749415733028,15.811295393003675,16.949476919835135,17.994306247444506,18.32922348334371,18.523223735291996,18.848296278295177,18.806141031182616,18.785878456009357,18.479373526878803,18.68664696656253,19.050421177988497,18.687202871581135,17.537235942922294,15.958983021673205,14.428714508918494,13.08712623362123,11.918068743171297,10.724465590530581,9.613732486563302,8.689580181987031,8.45545789760648,8.293419798019285,8.19919908551426,7.796516895357971,6.5811189439377955,4.7355226542623505,2.0461325857404113,0.1833624194499771,-2.0618429580193585,-3.512198476832276,-4.308605367493443,-4.245118848371232,-3.720585958859954,-2.8454236162258124,-1.6379709228211785,0.41608538741597806,2.7067690129922637,5.08045797644175,8.195374943131466,10.082915013858356,11.64547242495104,12.06627908136516,11.564382078769047,10.71907918511107,9.530785107113438,8.355436753003254,7.207020915893389,7.226160235631035
14.107774131309021,14.685133291852997,15.42371479824181,16.692354875035857,17.419732475150827,17.69018678943979,17.98271647844455,18.12163016330286,18.151309752458822,17.89514789238595,17.846005611530998,18.292121692878382,18.447887616392688,18.214035503824867,17.315383930159715,15.796754548787103,14.513402825678298,12.841190346901584,11.66316712653036,10.623845313437826,9.60937677620448,8.823032040216225,8.47500308873332,8.183071488999637,7.950006583915839,7.242917497449376,6.189836522628889,4.2865594046922295,2.3565966245941024,-0.32414699524415347,-2.646211557025942,-3.8406425984612196,-4.112833743079882,-3.67691319292585,-2.872273969851754,-1.6729659814279223,-0.34348529615204165,1.811689429254038,3.5577808156175,6.471106583244812,8.516191894113902,10.379915547157642,11.69587673627196,11.611075490381008,10.829797568254516,9.863689698025665,8.715851192923616,7.858792140976066,7.249217481828296,7.4579590818804
14.295928865505896,14.600134822882872,15.422392296832353,16.497659407671936,17.20037507044255,17.359201007613155,17.437081241975743,17.566489135934372,17.481495980925995,17.29446967100648,17.3545401612162,17.43153212403351,17.811308844561573,17.72616886384848,17.07406350414699,15.81121472029998,14.581628210148065,13.284694744235214,12.12529072101685,10.889634978601043,9.731275615380676,8.93850378478781,8.355383610880295,7.968246684885338,7.502793011081405,6.92905829943316,5.59185011126919,3.9289477681908,1.717003718380299,-0.26835638921282046,-2.0516665595701102,-3.217585443716066,-3.5516749773760887,-3.029209530143564,-1.9698281144578083,-0.7785209421412275,1.0562726896223091,2.6650666776854366,5.45942351756786,6.900601661119621,9.278589935883437,10.533884172067642,11.028127744095254,11.021120724367707,9.899940997637616,8.880320662198196,7.76995746855288,7.223833096110942,7.23664396172495,7.55027601078708
14.454705966167356,14.88209887698449,15.812378449505966,16.533034817996416,17.37996615183915,17.44071294266633,17.455199326639836,17.51037888199676,17.245738640925005,16.94793079424975,16.93191361590667,16.94287184463387,16.999593295621963,17.00391167597057,16.48933220244047,15.4964451926623,14.624247616429344,13.12164010975168,12.255694820429257,10.799418307058495,9.564230887149476,8.699261989270605,8.162049864436746,7.7141272177191045,7.250163956931276,6.727275394782086,5.874572781948183,4.5694597972123985,3.035552818218455,0.5191900685318492,-1.7582854691822971,-2.6368782672280204,-3.014516162985168,-2.424629657121407,-1.4953351960505907,0.051839963371597825,1.7771192540388296,4.10129658969592,5.99161838816905,7.645193208662362,9.426269656745454,10.164500915162172,10.287950161711928,9.657460442172559,8.905538169001673,7.959335520462785,7.072114209277469,6.913486152725841,7.153437716995232,7.71572858243071
15.223306840231043,15.770424273673296,16.436788767959076,17.51357784853764,18.03627224011843,17.925833244843872,18.039520264269562,17.925111348438048,17.301079303912516,16.99014970763617,16.96096296944474,16.571229704003432,16.3955845703462,16.12538111150854,15.57473350291771,14.91102910642135,13.99584035449018,12.995908454842828,11.900270231136279,10.697269264217402,9.50259396288492,8.759539968528246,7.963182966848841,7.491031130164186,7.182880874602665,6.771866669259043,5.896108746960091,4.822787537397719,3.394448681621366,1.6061177161207436,-0.043600551442625965,-1.3717329552668271,-2.19656803809112,-1.8902291667366575,-0.8944790159808695,0.45113607257211796,2.2429399635230776,3.935273750388782,6.294804799907171,7.527275404036276,8.472205371957433,9.261706397853995,9.16920294301795,8.53217873819412,7.780524166435004,6.818591546899741,6.651976450094558,6.858431864994575,7.1847109116551024,7.8686858517314535
16.232739459659374,16.838309727969772,17.597182339480376,18.5299831960958,18.996930639903766,18.93563575169178,18.79110944798978,18.734081418343173,17.869304398274576,17.53866935190235,16.98000491828188,16.34023699883632,15.810711553224602,15.427618287271205,14.802859686192829,14.235642445350807,13.5112722335973,12.734898444252634,11.759116159321783,10.64616180231551,9.528452146201168,8.550790166697274,7.787693206528899,7.341993580605796,7.016216624364716,6.743828280142859,6.378179901153627,5.8459733790003,4.95343284807926,3.317546123337994,0.8650194774823956,-0.22428655402019,-0.7750667304217553,-0.9565049246395705,-0.6301352583990066,0.49149115307388946,2.485313789161399,3.981302396953496,5.2726514454808235,6.768371126475637,7.914349578379412,7.962115389805713,7.963830592219416,7.366262719831781,6.792776752340158,6.194750008747754,6.2034416763939255,6.804025816602799,7.185162222461901,7.625796748550335
