jetstream_northern_hemisphere_250mb_20180414_18Z.json
{"header": {"parameterCategory": 2, "parameterNumber": 3, "parameterNumberName": "northward_wind", "parameterUnit": "m/s", "nx": 501, "ny": 193, "lo1": -122.50756307714549, "la1": 90.41852926140683, "dx": 0.5, "dy": 0.5, "refTime": "2018-04-14T18:00:00Z"}, "data":
[rows 110 to 131 of 193, columns 250 to 299 of 501]
2.7693734035989683,3.7944822327197696,4.373000447159026,5.509343384952531,5.920989904195092,6.745956373783719,7.469135224680702,7.8556526896206895,8.589711959611073,8.878336069927677,9.410360023576665,9.887770433138325,10.00105310624298,10.284245336951729,10.444400155830461,10.502217874928935,10.46385340992393,10.453040306337941,10.272183621798236,10.016243972088663,9.851872656668565,9.545768957585558,9.398982992507232,9.166817780765324,9.009611796916168,8.972931487943404,8.859258810820021,8.766675458253246,8.626871289283322,8.625247273329673,8.485407814773176,8.379565650672026,8.233294897971229,8.081742987851888,8.057569303337045,8.044149872385953,8.152691262137179,8.26232904942352,8.52644310597209,8.782620558264796,9.09044103057527,9.498119460148143,9.827914801295075,10.136464094275388,10.57829852255069,11.11980921161301,11.19085836404585,11.269293748321488,11.416091114998105,11.282660199642347
2.439211968585122,3.2717593139064993,4.4709974499219705,4.803527797687775,5.859146345851598,6.484414772421686,6.948195945452415,7.785741143022449,8.056589021330925,8.757601896577011,9.255999567833669,9.457164318727951,9.900201484636728,10.09108825307748,10.317292259910458,10.516099019669316,10.462773488990543,10.535905573277772,10.438462504520874,10.26475949440844,10.145436394006495,9.87817805940744,9.743712403011841,9.536940448182877,9.46605817327725,9.31779296585594,9.21166077357282,9.197340577961965,9.133477114527505,9.028653493704418,8.908372920885984,8.806064757444409,8.645815366541958,8.54275432692939,8.295398800868105,8.247688789459932,8.169856029505848,8.232419797107681,8.301045079591855,8.395179377948832,8.662540689523201,8.932688741002604,9.186222213226756,9.519650940762915,9.791306424240274,10.03345120345558,10.311396375831956,10.049582224843547,10.113154138888168,10.13447329446576
2.0429195928873725,3.513987855271307,4.026359866425763,5.037298001781654,5.5385229109255505,6.24183234227901,7.008128273703151,7.113554263742806,7.87862294820601,8.342335909689243,8.69147791142153,9.2473279708436,9.355079240393561,9.714523404661604,10.1344622861386,10.069590994821208,10.291429175954313,10.347699849931871,10.271545576723685,10.24050880351746,10.077088328282757,9.989395374856516,9.859481706757471,9.717794060527634,9.608320713420913,9.539857037856047,9.477591298931486,9.399315707227538,9.330251838029127,9.300775917276496,9.187603239458873,9.040608020588218,8.878581294195055,8.733339653007064,8.513646058516377,8.346783195011414,8.243167108855467,8.191819695140515,8.19496469578313,8.27767669078669,8.350778088798414,8.366423185858308,8.672287152673304,8.869260412899823,9.031590676719699,9.09818262353548,9.059580056897328,9.042353699131016,8.950227832710034,9.049431146056445
2.1195445654628386,2.9691384827015246,4.4287421133344385,5.025099803709211,5.664167217264882,6.3901942498783315,6.734309861073576,7.286303479063876,7.524436810888172,7.911579271240525,8.473739004352332,8.519373629152414,8.99052531437247,9.322321457148579,9.36108630248005,9.724771243046842,9.84201008732923,9.886769639196267,9.998048012295135,9.890551269544464,9.888805287280043,9.77591957585389,9.795692144287381,9.670727512039896,9.585652460298911,9.50787353515625,9.49029686921902,9.420790498216244,9.401866530700227,9.342464144842141,9.219444405739273,9.042085135967719,8.965592623917882,8.731685769558247,8.57196552585028,8.422903914580097,8.233881890558303,8.16545220183757,8.165796575705539,8.03323367464123,8.128033998539737,8.13339484216691,8.20603272819927,8.163546573103964,8.214998023771097,8.281329507589863,7.96730272238783,7.78026266129207,8.119276666091748,7.493565998276872
1.4851587835131554,3.180214615210567,3.876243203191563,5.198957950324425,5.953489036840371,6.419662443851729,6.9155292682846055,7.168752744948891,7.545675719862061,7.86392003199137,7.971894506854556,8.335321681277488,8.498874121671385,8.701524890683782,9.044280378883181,9.001198738746538,9.168922520547337,9.547931294492702,9.332493056880864,9.421674884076026,9.462325705459964,9.45632850184304,9.404949780953768,9.43015648180396,9.42821338903898,9.345741641843578,9.297879069746847,9.27169133902581,9.191031794616912,9.157366658373267,9.077063049452297,8.957061472739039,8.705633504939442,8.725323069827402,8.489256748807284,8.349709432341434,8.248585752155831,8.073726981331543,8.0572223215146,7.939691813683952,7.8111634541272315,7.763656091375127,7.711463006964884,7.562071797591928,7.63940523591366,7.291604379356476,7.027328289985577,6.8946964347424124,6.50998981256533,6.499944816866249
0.5451665732546895,1.809113704505422,3.9188191749975667,4.8095564480599675,5.801366678598382,6.672383662971165,6.949338367314585,7.3347633172377575,7.609837398689459,7.755356974029836,7.992899307344517,8.059118172148555,8.197337662234002,8.405116335604077,8.391270930645257,8.576867068451412,8.754641857911682,8.641309555034608,8.901642299214133,9.008833855228133,8.846331499643341,9.069910811454294,8.881700462881431,8.94033506446822,8.972369025383019,8.96565347812489,8.968550533492119,8.91114826891404,8.938277247010214,8.893760710496348,8.707244535395484,8.78531020983596,8.570808226237963,8.394437369936458,8.333132134948638,8.202360989171131,8.029006475827469,8.001894549649302,7.820408276083211,7.764534199624742,7.613542796148428,7.2983622355231486,7.087398389554728,7.0651955494762415,6.53571019386778,6.597117717031791,6.240193224853937,5.904305535653072,5.828956979916221,5.275526522780467
-0.7362682903554558,-0.3735685973639088,1.9621121564622028,3.897816223777557,4.523004528009627,6.1770669435020915,6.948597459267699,7.268262693537064,7.620366431320933,7.725843116178373,7.80588910242413,7.9980547484572355,8.028151424151485,8.088898253804112,8.14873502883333,8.108932903274093,8.177777342440699,8.286719640704632,8.176749509220574,8.26794553470778,8.317231983111993,8.261066799767963,8.422843299175009,8.453429731019021,8.416932655471124,8.430997686284039,8.65466132594726,8.531362816624762,8.5346192025544,8.51960241321549,8.475080395319116,8.335363459235218,8.339562388969535,8.220030698044846,8.057887052058998,7.995315422202681,7.875388294471323,7.690103610530067,7.713651937804645,7.462309073786171,7.225664031337516,7.106864391913126,6.657570233395425,6.043029081519951,6.152601342641315,5.4819796574162485,5.238714520618361,5.077100501748821,4.6960952975633266,4.569179937883658
-1.0625845335831248,-0.26769286717239527,0.9005416616561805,2.385686937342494,4.466730203664243,5.159992847005015,6.699984670312946,7.337014362757008,7.452343426028236,7.674835345116552,7.749526217824944,7.746114814780553,7.859415585817661,7.900315402772218,7.89328402361178,7.870470236050098,7.750736216862199,7.849389581655059,7.818334166203893,7.659165325837128,7.6850955734879065,7.906056279361399,7.743989572222919,7.850067558693,8.067570552759195,8.027816676920663,8.014083271348616,8.163579659711761,8.215002952143772,8.066210434101214,8.167842152171664,8.109217255533263,7.900265202390409,7.873276087579597,7.802893517542836,7.653075288791053,7.5862526990050885,7.532833833374793,7.324268427667326,7.158360225218846,6.958877578506583,6.426664728868406,6.408297655883455,5.71582437883057,5.32817532811986,5.008177594580559,4.433705817028862,4.042547775239955,3.8701899068952845,3.312114310740358
0.20429930106242006,0.4202971749752401,1.134907993920108,2.452259363394056,3.064340784361692,4.866603811010242,6.208377239340386,6.821983166244886,7.486137273674319,7.699817393921786,7.747574810382591,7.756196028535242,7.668322703913164,7.629387697630456,7.742216575795984,7.5918631999188735,7.5289833858338095,7.4619055324621515,7.453308474716893,7.397758454651749,7.337134192578308,7.135391077235966,7.333268920030824,7.463550311240406,7.3409965087177795,7.566982660770716,7.7069051034151705,7.632842012628068,7.6759430711260315,7.802784035458206,7.732200927808643,7.6944867516511755,7.623048269333005,7.49298232249958,7.299056862450167,7.393472970564367,7.254751114427444,7.226847335358659,7.091316327142763,6.767762443854948,6.314412227634806,6.178208456657739,5.489046307899709,5.177839656867,4.636724894888273,3.870551764159186,3.8842844724709993,3.1170843750281585,2.793904023943162,2.5307284453753276
2.241064750346605,2.001761032514555,2.2404030455535344,2.9467824837693732,3.5611807269660916,4.195357032757082,5.5925306984482885,6.789722575040363,7.264182160037412,8.007031845455359,8.030573283320683,8.047596122069217,7.810017592687961,7.597938220228965,7.469452893886472,7.429102502481819,7.355146891957997,7.234744449533496,7.11344182900466,7.059522664145408,7.0026768506705155,6.908461122162445,6.925309917257818,6.881317494191736,7.017988434650919,7.131525755198786,7.156562941708497,7.239946320748988,7.353984546072402,7.20710512793344,7.3613424669137775,7.272709658923327,7.16070069169261,7.079849465259424,6.9693223520642364,6.852424511078828,6.82041932161827,6.723604010051175,6.584211738717004,6.479709699909315,5.9403279475150645,5.7271248602964855,5.064196926595293,4.395674881347471,3.6907233074421195,3.3999114983857064,2.5091832302946657,2.4188997693095526,1.9694955084399872,1.2270958798182172
4.3229665282348275,4.0946410169413845,3.9306303093395782,4.033651823306881,4.141449845908733,4.796504810335395,5.667442683021192,6.328103769858423,7.392044817697107,8.156397727966487,8.364776280694688,8.339101729244334,8.15196428104395,7.9160374717771,7.527601096765465,7.260140359167567,7.1221018095137465,7.114299782132012,6.9023222399421,6.759333900871953,6.653099320294976,6.648405874157474,6.544672046363779,6.591449985981041,6.598656705227633,6.694929416686493,6.768294932450329,6.815584413285332,6.823664385700454,6.833671224701938,6.788869123809991,6.762440487235902,6.653714202869207,6.507032980502137,6.517711907599205,6.377726984001381,6.3362972676830145,6.26926077556926,5.997599950143117,5.559950974127457,5.4940839934666545,4.871382825151019,4.221367632619242,3.960138253530113,2.999593594221101,2.153153266221974,1.9944142862304455,1.1329399749866114,0.6244413216172988,0.35237003908085685
7.945094608894125,6.3707569333884475,6.161144458273665,6.18067749446091,5.9092301033722645,5.875788962650325,6.2742456030029095,6.627150644661953,7.134323167764799,7.885047882175209,8.504717287005393,8.60448053462309,8.466563563100355,7.959980289609733,7.875731564903283,7.420625084481884,7.021990356659234,6.780118274753704,6.7566230984452424,6.625975619091538,6.427880858687723,6.31658469376349,6.344667453541177,6.246558197702182,6.279363202540461,6.362269136947091,6.374364318419578,6.384640072158476,6.361980425262108,6.399715262551651,6.296190923745037,6.22513001685751,6.190439833877207,5.960460995762923,5.746058673028642,5.848054169596971,5.619900096749737,5.462990956531431,5.197532642706895,5.008216817469718,4.2911615951644,3.968349663767547,3.4820402350135016,2.544307488881715,2.432032001339305,1.5331848979042513,0.8603900861474597,0.548283227019531,-0.39512576283878187,-1.401466463121571
9.896081130963843,9.97675859149335,9.246562195767027,8.339838935018678,8.23885734399897,7.5542649408027085,7.138631879066227,7.464656846854609,7.316933171883789,7.844568949888931,8.078850778165704,8.532211242682282,8.57683952064283,8.381948208058011,7.8720278181494745,7.524804694721921,7.241305235909829,6.860748651818554,6.559046519307156,6.446198481878287,6.346921991740033,6.182728417096092,6.036524588015955,6.024940461793333,6.054535483047889,5.967869917858841,6.035074281635838,6.070727839936812,5.891788531324253,5.724854942687944,5.8083247030579646,5.578932868861429,5.396640381559552,5.319136609492319,5.15710846463105,4.946305023610853,4.71020614824736,4.711918252474935,4.2458415933142,4.125596019822935,3.7062793283139404,2.928396038203865,1.9175129306340821,1.941876534510511,1.0006038051737585,0.40819893998428713,-0.09898469042709926,-1.085726964823024,-1.075516442871614,-2.299533143771562
12.98817434706566,12.154208711175418,11.534119039136135,11.500295567160242,10.227259847191526,9.427839367686152,9.095374350166184,8.251061585398993,7.94900935893606,7.993480764746879,8.103048785163667,8.236418956857278,8.360681138149044,8.23411245914198,8.04576301860907,7.688090251189568,7.291800189433388,7.053421161963077,6.636926054844993,6.373814995142609,6.188015772834285,6.119821422157704,5.960090752769543,5.817166928997592,5.768998945088999,5.705248675730154,5.587580210622602,5.507845325943613,5.445954062123398,5.303577732095935,5.039018873296321,4.842890226126689,4.770705605209212,4.450694901898801,4.286457425735357,4.168768594424755,3.9026480174942684,3.345520052228463,3.576575540463463,3.0344932260137,2.3158307667567,2.194156567890581,1.2980002430078355,0.8931238420396425,0.2526628231575669,-0.7092432291021377,-1.7514669998570351,-1.8244400493209207,-2.949251347973878,-3.7624304004113895
14.248945499640929,14.330306855377541,13.86478910002483,12.729379021436477,12.455970703432623,11.446086632730541,10.171600504743633,9.894300475713392,9.057660928442932,8.416992513626209,8.277242625202767,8.16060029307613,8.194326560489854,8.060266343172039,7.787251775812829,7.666942887915903,7.3449706231092105,6.8773777422692834,6.717045154581282,6.4690937348891655,6.16765625178924,5.899411235387629,5.843317902280553,5.640762839057422,5.420422558131751,5.279055680233045,5.199968180485476,4.988617688669604,4.68915974728359,4.686672380947954,4.425692197139752,4.075115408268527,3.602751784834821,3.7449518543757594,3.4478969910707584,3.085649872659169,3.1281962341228358,2.7437833223256414,2.1755011054803433,1.8858972644181016,1.451262652625305,0.6312211643058392,0.4408992871437374,-0.30022755082194286,-1.2862503416347315,-1.5150354956013912,-2.4246787416021567,-3.3969344941088995,-4.225305812200734,-4.835003927317533
14.548107187845611,15.024820319252036,15.002515098359936,14.563073179699522,13.5283811276282,12.541255412480059,12.026842654479733,10.70719667009635,9.848653758583854,9.507147530660701,8.64827089228028,8.200484498838996,8.19691407943664,7.93970577498393,7.6506191949487805,7.654699730530221,7.294529503701934,6.905368225600029,6.568933893705346,6.394654992576412,6.14885574223833,5.8657574300109285,5.569479443955282,5.374956948083934,5.217352180150064,4.9157599125923666,4.656867688497856,4.425967646832943,4.272579118705129,3.887613678190818,3.703618008838903,3.4872190189719494,3.121870956780593,2.723871010154858,2.5894826820536796,2.355869234702461,1.9728973753043417,1.903769759845793,1.5271196170062094,0.809152036754622,0.5588827866348007,-0.005098807556108614,-0.9920778005192015,-1.5902101457340003,-1.8925853160821817,-2.99394528306493,-3.448352203618925,-4.241350176789155,-5.42548176291675,-6.284280346357864
14.50710933996685,14.965411128432883,15.239161395474845,15.038826772366708,14.661912223203618,13.73011455766579,12.916424491176329,11.994565106345831,10.866873699193846,10.10124505018207,9.613155029706633,8.759799358998603,8.324441876291074,8.06561061993125,7.716103048986304,7.350895761326974,7.266219397210831,6.885478262617395,6.645836465826945,6.286013646241464,6.005714514120193,5.867789364692635,5.507505585291415,5.186340450785219,4.847270093779713,4.765122993263627,4.4262380389368525,4.0385708892809875,3.9976865110883772,3.569624405758544,3.094371644211306,2.707951688108,2.641044569926839,2.217146962672933,1.86265375090273,1.701608191671675,1.395636296741528,0.7980736355080785,0.4884669992261025,0.25767129235890185,-0.5732297053691487,-0.9742229897405403,-1.7098085146354958,-2.4011954747249193,-3.367026670830351,-3.5827647628065677,-4.618314032879771,-5.786251100086034,-5.9495372120534515,-7.068592213632604
14.555314717141595,14.998736694397104,14.955525290599002,15.042092971031348,14.431365021057712,14.405538746443836,13.327512141799499,12.26587992585344,11.700183106153165,10.748424946593966,9.632774986654532,9.358253124369725,8.597528050878214,8.019618090537794,7.615807976261538,7.417903935559064,7.060785253370461,6.797785408137359,6.465565988472828,6.287545049821659,5.940081030771998,5.519930988741779,5.426504432530699,5.110031385781086,4.724966022555727,4.3550383536386565,4.159188537905839,3.837041629367258,3.4073023602482415,3.195903419418244,2.82849288680588,2.354091733320118,1.8325788005710892,1.6789290802355614,1.336996178666796,0.8608977896302259,0.6535342921213876,0.24240984469241744,-0.2226683348072086,-0.9604513074784858,-1.0421762910281793,-1.8620717825963393,-2.716973149458881,-2.799858006558279,-3.7668473181181485,-4.871052594016032,-5.713741557976528,-6.194203269389702,-7.3543205671299905,-7.796250946585879
14.737591608394677,14.589567068022827,14.672369395252323,14.686676885036547,14.370657013330174,13.736786138861275,13.259038072954445,12.665964325485202,11.806325689959017,10.954461448440643,10.231083882923262,9.15612605249463,8.62244488284941,8.223827068921999,7.514587044198782,7.055928170680486,6.991196665844095,6.690751328813727,6.273105406483904,6.161959275606176,5.903570606872398,5.514336954183132,5.144486284898372,4.925986794015687,4.730259813752513,4.264175647353124,3.9792154650630147,3.5774043093943746,3.303416700022993,2.810861300534352,2.3543538946637725,2.1054704783767884,1.6240160109944313,1.0412053219833262,0.6589456289553235,0.5285877918234895,0.003202346312904794,-0.4505739508837645,-0.6222312397692525,-1.3097016873631868,-2.133804179477348,-2.680380067232397,-3.0594764311934433,-3.947264099068538,-4.440304239313798,-5.095107539887182,-6.2231115232998695,-6.643092314308496,-7.576436623089476,-8.540976530596167
15.298805760680974,14.481470782707415,14.267155316546052,13.854096190509186,13.987604429006744,13.462020006014626,12.86152595928933,11.988483249409327,11.752618552965712,11.111793192199213,10.073559780037048,9.242930250968179,8.65553479619049,8.114370364507383,7.466800965653807,7.049211417731878,6.873583231730537,6.4923468556563675,6.210568617293797,5.859029028217556,5.589671086822599,5.42697025044272,5.148960978916098,4.765476968535397,4.3392160454985085,4.348642279946782,3.878809429158928,3.3768926614349075,3.0468140158079384,2.705726883709615,2.285065775215108,1.7070890657329707,1.411634486442601,1.0298216781643341,0.4050532385736628,-0.1964853807956457,-0.3756211863605182,-0.8463626162891961,-1.518418498164651,-1.7407882743897978,-2.376105024426351,-3.1465967245295383,-3.3956768903340984,-4.1761949144387716,-5.061418246673817,-6.223652979450691,-6.338592919329171,-7.501548070456894,-8.366274410440083,-8.632448797633213
15.577323181363798,15.013618906015642,14.150197113836418,13.318426357830354,12.879407771758773,12.803890869171783,12.31272201197515,11.660699330330882,10.974873227008043,10.638535003832699,9.992809772429894,9.37655333858043,8.461712546637564,7.960592321233974,7.531407262880786,7.000925967139888,6.52908031913406,6.256759476931134,6.020930800334115,5.826001315290804,5.458000472490237,5.148384115354409,4.968818511396616,4.641474350371544,4.432841288820709,4.013387785740893,3.7466254865463333,3.4763893176031306,3.0195287568180174,2.452850410080523,1.9872197360175572,1.7812960755791232,1.1461133816051223,0.6009462333658631,0.3899476842244838,-0.2528097429569415,-0.7168709333514572,-1.043985573209147,-1.667021832318528,-2.312313879504398,-2.981902186025961,-3.2914101022545466,-4.091617137479215,-4.782924809583339,-5.24872138393444,-6.142598084358482,-7.206470455939588,-7.944092792101309,-8.563389970464977,-9.349876597601389
15.0890641485444,14.623504696141822,13.943093079614245,13.112202752875584,12.218185581392923,11.681577598884148,11.343460218457764,11.068563927018744,10.487117778184157,9.86256619734159,9.48454211064842,8.79928774459432,8.629594230650186,8.014405427114221,7.339036191463061,6.89736710896179,6.627840446077062,6.204378882733103,5.899626988209119,5.630715253361606,5.42369732721135,5.1516604221176205,4.835706697637085,4.613601466485633,4.411050056342147,4.073535913712014,3.624753258303387,3.22124533897055,3.0833926991109415,2.493161930606361,2.0669397695277545,1.7899512522564611,1.1640022486396617,0.6588054822275431,-0.06369829717760822,-0.34453096911657627,-0.8576262603366824,-1.5410702645704513,-1.7630626609797182,-2.456701164763859,-3.1891575864936152,-3.905840032005946,-4.2094465944035715,-4.850374454217986,-5.869498999986283,-6.1650755008775535,-7.209557559765407,-8.339862528322593,-9.040134911095869,-9.535609805892525
