jetstream_northern_hemisphere_250mb_20180414_18Z.json
{"header": {"parameterCategory": 2, "parameterNumber": 3, "parameterNumberName": "northward_wind", "parameterUnit": "m/s", "nx": 501, "ny": 193, "lo1": -122.50756307714549, "la1": 90.41852926140683, "dx": 0.5, "dy": 0.5, "refTime": "2018-04-14T18:00:00Z"}, "data":
[rows 154 to 175 of 193, columns 400 to 449 of 501]
24.087622679451773,22.264594551866395,20.819349334928322,20.95024639300518,19.4558983739845,17.482453474945295,17.02769458597715,16.266991243743362,14.395534830754123,13.117143044162907,13.243788383003515,12.027356858198482,10.517452213732744,9.15923192045722,9.794447726398694,8.245207899854591,7.078481080045914,5.705380888943864,5.25547050555309,4.981684522412261,4.298473803733188,2.9923970175046204,3.218360909695133,2.5909086290055345,2.2302586055812186,1.422388759911778,1.9405416018055035,1.4554802255460704,1.2897269164149454,1.00641750830024,1.3165296475073065,1.3363834236942234,1.3276089720943862,1.474658442828666,1.5832469375920692,1.8600434338097738,1.894460621093839,2.114305140288357,2.120072723032738,2.251935798348753,2.3424226822093637,2.2888136759190405,2.276101377920697,2.1860074074308997,2.1142608085477876,1.7139067206855632,1.5725098732089557,1.3811932047769233,1.026910778853434,0.5136162477216843
26.306360036216873,24.419683369818653,24.8613779844688,23.145914441315803,21.48169087178073,19.37084028619789,20.227972758905437,18.181593241971306,16.71578911898501,15.015711394456801,14.61670741853695,13.933821812409693,12.734633528984366,11.233939441195158,11.279312017516228,10.201105937478935,9.228464253710255,7.7415120036435425,7.8703211483084745,6.995668132878123,6.231385052533568,4.930463515116721,5.535372268292149,4.576521507887156,3.967458986915277,3.0003420411928357,3.6525853138508078,3.0328980006845856,2.6197179647463904,2.0833881417088134,2.247356837535773,2.3981724639571147,2.1289867470962873,2.000449961162034,2.117162775089073,2.37000441606436,2.1976465050039313,2.2183052744103495,2.25793193003416,2.404257933903303,2.2978037417953225,2.216190570411607,2.1604840502155858,2.12108470364757,1.9802135444947377,1.6457409807854964,1.4703081077874065,1.344859761963594,1.1096946404119994,0.5650756609824875
28.131920615419038,26.6076427354809,26.744191690289718,25.593820243717875,23.41892449879298,21.71771861244667,22.005488775831562,20.230748789607226,18.69900688058143,17.128996173764637,17.450447342414982,15.828590520171698,14.45517965562945,13.14193058661525,13.486246292909275,12.05705721588373,10.901059608911504,9.589384656806178,10.115035661714128,8.982046124916039,7.999394207130866,6.737547222059846,6.6906370809366305,6.50320667124418,5.734327217277059,4.719109840402222,4.894683955699482,4.75317292557649,4.173088852090393,3.516392099388516,3.6223779857677565,3.721888216053823,3.3300408568901405,2.9425136464935417,3.1062720314689853,3.2258093709334705,2.9339876261905347,2.7192159787012,2.6610887874678464,2.8712505225157723,2.628269364862421,2.4176744459245554,2.233728750089088,2.3528199462328887,2.073625534799435,1.7695476978617026,1.4666751200541372,1.4663891753279192,1.1518360899005506,0.7123813540253212
30.251329265255464,29.814262121923576,29.564581229522027,27.57860898379856,25.566047465562654,25.019055589753986,24.504480858246723,22.767874275425577,20.749370500878143,20.100604886863607,19.596067379375206,18.083150321579502,16.20006845116511,14.913413426725878,14.380644273116246,13.924420726045105,12.401676936214155,11.353723842474224,11.124158887148305,10.594313560794642,9.42356484468245,8.407696918640694,8.218224113802115,8.069792346783633,7.1795002914833645,6.398025299513763,6.294261162615726,6.2588263429341975,5.586224694556673,5.008570532468892,5.0274356326656395,5.059698516523761,4.578092675410648,4.126297025478456,3.9441392789073424,4.108731730189666,3.9153547784755336,3.5387094465623443,3.3818812600310326,3.4906635106542128,3.3061629524148883,2.9385894345154377,2.6815760914872433,2.709330531310712,2.5003247596983305,2.1128127672785735,1.717902607095523,1.6653565632674396,1.3974872101063172,1.0088801559800074
32.98591622248574,32.04747525888156,31.959774492516022,29.72260021612581,28.363269611414673,26.81210185592323,27.309643740009278,25.079561265366706,23.479971748666618,22.12893155895781,21.97635060047968,20.41982359940704,18.71282890998066,16.983544990442077,17.345297712343825,16.020215111152837,14.419977003353297,13.045862880451539,13.142347102304328,12.262979799579018,10.903422593628449,9.843467967122676,9.911863950975697,9.444843496778613,8.457037614935278,7.708881039844239,7.665702073879365,7.454188530778767,6.768991628893502,6.256763884709728,5.873250404185843,6.024013414372984,5.686062556127339,5.269418412871706,5.0172209603193405,5.087233155761821,4.92700877239222,4.503905287677284,4.296771893971156,4.252025286743855,4.189409193954326,3.7152923006397955,3.4245439949178973,3.2230966681385538,3.2211848782418926,2.7270524705740584,2.287148756464636,1.920892031346001,1.9604433162104287,1.477550559959745
35.59065891530256,36.826207288045794,34.436606279038934,32.695684715840414,30.738231913845535,31.887938154283884,29.828146734808335,27.709262657426464,26.066679198016573,25.520611454948593,24.98215907438937,22.900586411152453,21.485482219300906,20.2791256899269,20.212311007291476,18.47093066002542,17.039116480739807,15.41687245687259,15.815441317328315,14.397420220749872,12.997847713439736,11.671529556206174,10.880867265390055,11.001233733561161,9.801778494189527,8.930751460900511,8.420736448537777,8.582734496254673,7.854811195535315,7.237529167561497,6.776946363847284,6.901919213049553,6.624169672087095,6.17154127224233,5.923883003502208,5.88611854773896,5.8260379051040445,5.424512538313918,5.217481563687624,5.012713200969941,5.126882844868351,4.667461463642044,4.324552091941656,3.8789885233652908,4.176476664374001,3.6295410908616077,3.113480589653059,2.569246852890102,2.8656482027172623,2.295447645822329
41.42173970558847,39.6216013422554,37.46780707052864,35.93182488084502,35.7393231007665,35.12682584327494,32.60097831811109,31.18002513374516,28.805072505250866,27.618110638683362,27.879176620064236,26.08926635053769,24.197301183277972,22.577465263274416,23.303001140873896,21.31487439232464,19.78179543416678,18.000346934914575,18.307320714683872,16.99588826071971,15.751736898408826,13.879721239087345,13.133824781060737,13.314879079356613,11.686129339323685,10.633363558917793,9.61482004020338,10.338947516277718,9.146575087924361,8.390399092531657,7.773285157725337,7.993143499437033,7.587806958856193,7.037362045996272,6.726291465531548,6.6319054962371755,6.641043473490359,6.244666115092582,6.040357060076106,5.707939445778837,5.97837376610163,5.587692882631439,5.238636746524726,4.831197511259916,5.092677324852027,4.676747497640984,4.144399967507145,3.62143733956985,3.5103893898466634,3.371682486999511
44.51973947032829,42.54005819917022,41.470855004069634,39.29398804997186,38.841326827282174,38.31225472084162,36.47777042045671,34.419023133314084,31.842873074130544,33.344199873221136,31.161773863736393,29.674311700450872,27.130444482247334,26.53749597707179,26.426742094713482,24.700189456559023,22.703043109160706,20.584262920447728,22.01813625500099,20.01487907942849,18.607606814031165,16.642075483780392,16.630306354118197,16.033251062957266,14.258031629048038,13.136821905980952,11.932383311449867,12.6745826671991,11.160529559119807,10.116752061411155,9.238710114818021,9.63663542504895,8.93944822144337,8.18544898157461,7.706568381698311,7.511523024155315,7.616810863982495,7.089374370014294,6.798598381229922,6.462311818874136,6.784954754927888,6.414628660663988,6.067596372302101,5.7667742213572915,5.720986043739866,5.646527364432255,5.177523091442062,4.72459460740838,4.166309561305108,4.528705083841224
47.464633019206445,46.54004107890495,44.377832081196786,43.54830334340645,43.96570015123085,41.8097610462755,40.32276450671596,38.247761762985114,37.80642936023164,37.11855851383464,35.34227671117663,33.10893967879508,30.55425406127698,32.30931498820751,29.924444811998306,28.41272266051304,25.959292053482166,25.121137061260043,25.32251896605974,23.492346968192084,21.633949648424323,19.593940022426892,20.583849468047944,18.984932343349872,17.39154839218998,15.895449995099032,15.000126077248883,15.41250375545324,13.742711160579447,12.477311958209901,11.316148864692577,11.904280345984244,10.94936676412508,9.871717087101848,9.224352201857767,8.730572826478367,9.073320465962585,8.262092734318317,7.748029056420208,7.350588084385164,7.574669748977785,7.281213597758816,6.868164453329333,6.587732709873518,6.301593174930683,6.509473927976003,6.095632828992622,5.660083633289421,5.18066719696114,5.213500202802869
50.62777329807733,49.051803933143646,48.02025975320075,48.55541833576171,46.708009461087606,45.66319298591083,43.524356740871454,42.55650144071364,42.9416644148612,40.80576065686717,39.131521422376764,36.63175673631858,36.10884041967529,36.028595599651325,34.09112822012014,31.96113275175561,29.46961381102535,30.48120128232251,28.833321067018787,27.299729065286357,24.985201184464046,23.04453455433489,24.439220646886124,22.351913833702024,20.830997761589362,18.895749454819406,18.508093911237697,18.430305950693675,16.643433155914934,15.314175168667983,13.891366471612944,14.671126201444931,13.59038623931864,12.178122730937398,11.385716007488234,10.440631729071818,11.175396795489021,10.049008447781787,9.201556069883264,8.65327237779185,8.62389079436484,8.553599019412001,7.928827314371868,7.478584904005526,7.060911884129742,7.360876090513351,6.96476069672893,6.526350490467418,6.0790895242205245,5.70409519089747
52.67258098061379,51.76563678142047,50.450089957200234,50.40805911959431,49.91752905251647,48.304580823751735,46.97327210042512,45.557945354865744,45.578047917187476,44.515963033712815,42.4144985110602,40.01181768822616,39.974191240808295,39.66188897393087,38.066276587137985,35.63323378259658,33.31514202120015,33.872238674483555,32.92191751875187,31.111297724993694,28.66859304314379,27.325586075809746,27.679417332587988,26.24124664261149,24.38546590418253,22.226743460985546,22.468227031023872,21.805872839597548,19.858541079104445,18.461202290838514,16.8429293778305,17.813199582925478,16.57229028105542,14.998132208193296,14.026576675715534,12.688116248119147,13.832126264556681,12.498810709555592,11.314068850959172,10.610684972984512,10.047441524255666,10.4856604148721,9.555939546045497,8.801770223217728,8.287643211535814,8.20510058657501,8.18459397808609,7.569915681754095,7.004653756477291,6.506436815428261
54.54365047676546,53.645172305332956,53.46165460819374,53.20599906878946,52.07030861588683,50.87024311738989,49.498691054022224,49.22794571287247,48.85195797694535,47.33016814425008,45.29247515017427,43.64001633374202,43.746811230253236,43.285283454413154,41.396367993216444,39.118922371841286,37.29762907189489,37.569716953634554,36.93929568788643,34.82492728853253,32.49562005687683,30.689202148579838,31.122728612706315,30.320833705720183,28.2039521944156,25.950709884364777,26.341098084172923,25.62042047421199,23.46071692202125,21.984669514298787,20.141659169887202,21.303037804513615,19.925040769094906,18.14650458597764,17.00270930212875,15.491807809080624,16.684130206025138,15.37216111336976,13.960310727414289,13.113490480624343,11.895405462096234,13.00468140250402,11.867898049165165,10.7726482740919,10.138965026414759,9.287392135536978,10.052226296777533,9.172591549395083,8.3826310654442,7.765685287309993
55.86604569043306,55.66777338077118,55.559616046571726,54.76490667026849,53.81768300719824,52.80971230557605,52.12185848151251,52.281735633885276,51.108012034372834,49.46387942689693,47.93751361996543,47.1058855084218,47.58457450167916,46.19255147209827,44.19163545121323,42.32135833210603,41.0839224362839,41.90525150637096,40.383770768388246,38.17952180265195,36.07784596686088,34.564410072585154,35.687096082469346,34.1509027206714,31.909815794821988,29.77636978441964,28.168644805223096,29.251658419810198,27.350007090081448,25.773533241957622,23.82191209812525,25.13457963532007,23.608270034298794,21.672777008215366,20.32093863163592,18.692036913760248,19.589697574706157,18.57449750545177,17.01103925435516,15.8940054368124,14.635575141383613,15.195960105966222,14.587827447516332,13.359767327717368,12.42195031895395,11.42137202617589,11.703260912142852,11.377736768706807,10.388574706821213,9.531494175215238
57.17711810069056,57.14282894247049,56.62697125866252,55.891730808745045,55.163321683586176,54.368662389989865,54.771182174734236,53.89265454579933,52.61364587626688,51.360810969105074,50.087425870473425,50.70894967678145,49.86624736792981,48.30580280180397,46.69826378106562,45.119714335442296,45.187003374213596,44.7801588043429,43.087743089747775,41.21320192438641,39.39727307969793,38.81069739973178,38.93409157643933,37.09783583681211,35.371354497921836,33.41385870283855,32.17829472735564,33.07702545742987,31.10823803585166,29.523093588546047,27.550424450215658,28.96885151238181,27.36602081221146,25.465654395029482,23.91609312422657,22.19873147364297,22.73340939267066,22.090542222356497,20.38303135648512,18.99949918824398,17.642121870928435,17.487924768281758,17.5979471422583,16.248707291031977,15.043981880858293,14.01470500145691,13.338205425011305,13.96460583101306,12.865933641456614,11.818570872573169
58.06918401377166,57.802732962162814,57.30207126141204,56.82214270777488,56.11724656988449,56.58168865892488,55.920984047361294,54.96232963459577,53.95605709675436,52.85957132727458,52.885521061869696,52.67880902674569,51.50914973004802,50.136551151960816,48.701321069573126,47.7454143662291,48.44208584094319,47.092584112288584,45.445132389210684,43.75819410884523,42.19706357626548,42.5401026896353,41.80266315972146,40.10373005253915,38.39707825012903,36.62253358306336,35.90374065193167,36.33050996105226,34.53351055160552,32.912963906613726,31.037713728344773,32.433460387471655,30.90161007547269,29.145227241045298,27.53475130893986,25.824396656555052,25.89530316839127,25.714127608536273,23.999099631032202,22.433698667184384,20.97424316323928,19.928619184457148,20.916342586669074,19.42492835022307,17.981350277141704,16.8184605849473,15.587004824780067,16.023179088536406,15.645595561917556,14.460810580486811
58.39629530189419,58.142554794589756,57.88166799308259,57.40280363937629,57.73428676128225,57.3361114228096,56.67113587176644,55.90586542824494,55.01787456304821,54.71481619363709,54.91528952525246,54.00447601864369,52.8456827441393,51.6333960456585,50.44191692930272,50.7309590351871,50.267162651571944,48.90964742955489,47.51271815312126,45.9687453716733,44.84887388950141,45.78299315505649,44.22284927882761,42.659573046941794,41.01527582681737,39.380982390608644,39.19957232862185,39.1862706805633,37.49518838157805,35.89990583488382,34.29246043950086,35.489283912346245,34.03796307074616,32.39865405558098,30.795106035368672,29.178353829756908,28.798785128841082,29.071256574730988,27.459253209970516,25.86218710742488,24.35430361935793,22.818955358669996,23.592119704405786,22.79267876566439,21.315054056394025,19.928972133379393,18.600189287655166,17.820963771739297,18.556846269332752,17.282151373879664
58.473404680931104,58.416445367193425,58.16617165558503,58.07028320905677,58.14771646498047,57.84128855205283,57.34872002624884,56.68513339564794,56.28779043309459,56.66758726765576,55.99833729288618,55.068764963782996,54.09892569663927,53.02286189786716,52.63908504769042,52.95530627986983,51.8292455148092,50.59219352425834,49.269525737269504,47.90403743125808,47.80031784079287,47.819062901305784,46.36159955637925,44.90299880434313,43.35325061532059,41.773053182823716,42.157119236208516,41.692518917498234,40.08544190569617,38.494636657528424,37.17830296648574,38.185844874934254,36.765533425265524,35.23213897478169,33.65444041662038,32.0967416887909,31.331431767490145,31.945438487522907,30.482473930554697,29.00462503716092,27.497483652624787,26.01489381553511,25.7805882167457,25.952484752844942,24.50300835097592,23.138736664015838,21.68905759267144,20.31672043285682,20.63696950911728,20.402698553044367
58.4517642920731,58.52170537230063,58.41480129654194,58.61851447319414,58.47974419034278,58.28887907007401,57.879811768418364,57.57855204366431,57.8663661139594,57.54140728685665,56.85302733002083,56.13660157087021,55.23918231004988,54.48618078952724,55.05585386299851,54.37427311318805,53.30225914689115,52.180676745148936,50.959614485165886,49.73932823891358,50.56907060182644,49.6994660690489,48.335968041745716,46.93403307991604,45.49325761560547,43.95324311831736,44.93372478351074,44.00691960144207,42.45667224285307,40.89052831986291,39.80601416981483,40.70920240954463,39.28091883390477,37.80813349863058,36.227487052633755,34.6486274353416,33.56491339900484,34.40040210088162,33.10976860957927,31.719580722570548,30.24119900526678,28.769701021204305,27.727322764549115,28.762159408935965,27.431024562722815,25.980130821558404,24.70051323657757,23.272441661914385,23.701630010145117,23.528605047931624
58.35146820951233,58.421072492572925,58.41668992053202,58.529930691621075,58.66182080653151,58.519206363217684,58.45024752402673,58.5479640079262,58.49854112773036,58.0987584914746,57.68124797204171,57.01220896203053,56.41578970102343,56.646488509472064,56.459107139779825,55.61175837875805,54.75379725356499,53.70268093524011,52.642332907497995,52.49031952877547,52.71949054255241,51.540706273992285,50.28981521530285,48.96969432535747,47.58756221468168,46.74391373006005,47.71237012529943,46.31033380328938,44.76671680426326,43.24529244393913,42.37752617252711,43.268052832614444,41.797577784857715,40.32916596111116,38.736464048251825,37.08545095143902,35.68572616488044,36.68368814657385,35.75397702866852,34.21552849244272,32.796149158488845,31.14666131201648,29.895459885258237,30.239239856209416,30.083227545533333,28.57051748323898,27.390548438198742,25.94481606500595,26.108568109496836,26.08490078370024
57.621947120232875,57.56720529286453,57.99647707746285,58.39155210605573,58.50744969451227,58.646876799973974,58.56688718961544,58.797220926777015,58.68115508971096,58.60018095951446,58.21976901862303,57.90000036746992,57.71144883743136,57.981793482306884,57.406505085762596,56.830101019042,56.05717086138003,55.194427355874424,54.389280396568545,55.03190248517019,54.41513205148475,53.361441262223344,52.272174130568786,51.05293385681121,49.74564463597044,49.59524585229115,49.97800575133228,48.64333617832775,47.19945504204652,45.74057817771178,45.0993488057851,46.02239667869145,44.450610595802225,42.95302421964471,41.369433196306794,39.64520297781099,38.21215247719192,38.80174746308665,38.49427769653199,36.79693609989073,35.41348931437058,33.7365750487795,32.27289738683796,31.58384582934684,32.63341321535976,31.102348448783857,29.778563465628206,28.44448140097063,26.96759003021178,27.895545064783605
56.22424081427222,56.92587665666827,57.507330213266705,57.9192134671209,58.335912719237676,58.2564138042219,58.34954235200272,58.52091954250119,58.80499307831522,58.716416561371446,58.67169597230908,58.45852789507518,58.74550423976777,58.51121407436619,58.17730315538994,57.777304466949445,57.15636129160518,56.5759408093908,56.699629617277296,56.79597353895916,55.94771489300052,55.12895444047801,54.1347623992944,53.08602627740207,51.93404097430233,52.441419039185746,52.24716732731152,51.02823763368629,49.70879008193606,48.324655608605056,47.90960093316432,48.78471835234488,47.244406332811685,45.78911189768398,44.26240080567274,42.5576577390084,41.041143828242454,41.10493957920961,41.57754706461847,39.772742319379496,38.38936037748355,36.73642164685038,34.8715680245643,34.00382519759505,35.69344128819086,34.03661481211039,32.27084936001878,31.107277207709345,29.539184210478624,28.696047314908434
55.42837073959598,56.08486062568227,56.71957809432312,57.27053787108669,57.40711936352883,57.25452481299542,57.64627154912499,58.176133586941596,58.423164142107055,58.62249456753837,58.408769631267276,58.638507141754985,58.73052136495184,58.64713558443737,58.63618948098106,58.31335082676118,58.03549192093364,57.67003812198759,58.13210717771028,57.76631903548355,57.159450899346396,56.58516531562071,55.786577444570916,55.84292972725801,55.499265679058524,55.33092710842365,54.393482407270966,53.33744462622983,52.212045529587,50.958714719771024,50.772567516147205,51.49435250489088,50.17327649558046,48.84026697655857,47.41256245618558,45.841961667589935,44.28447454017744,43.74030922025778,44.89868259109608,43.30633026444612,41.747587064705385,40.205971265662036,38.36111939589109,38.52337628914438,39.17399964679568,37.634213253742836,35.789194938015676,34.25850165776667,32.79946403278914,31.37033543278454
