jetstream_northern_hemisphere_250mb_20180414_18Z.json
{"header": {"parameterCategory": 2, "parameterNumber": 2, "parameterNumberName": "eastward_wind", "parameterUnit": "m/s", "nx": 501, "ny": 193, "lo1": -122.50756307714549, "la1": 90.41852926140683, "dx": 0.5, "dy": 0.5, "refTime": "2018-04-14T18:00:00Z"}, "data":
[rows 66 to 87 of 193, columns 350 to 399 of 501]
-0.4863005792179266,-3.397909552590641,-5.344646197084004,-5.890256481996849,NaN,NaN,NaN,NaN,NaN,NaN,NaN,NaN,NaN,NaN,NaN,NaN,NaN,NaN,NaN,NaN,NaN,NaN,NaN,NaN,NaN,NaN,NaN,NaN,NaN,NaN,NaN,NaN,NaN,NaN,NaN,NaN,NaN,NaN,NaN,NaN,NaN,NaN,NaN,NaN,NaN,NaN,NaN,NaN,NaN,NaN
3.4075768524150867,0.4371578299012857,-3.1304711569717187,-5.063569883416959,-5.804416485805331,NaN,NaN,NaN,NaN,NaN,NaN,NaN,NaN,NaN,NaN,NaN,NaN,NaN,NaN,NaN,NaN,NaN,NaN,NaN,NaN,NaN,NaN,NaN,NaN,NaN,NaN,NaN,NaN,NaN,NaN,NaN,NaN,NaN,NaN,NaN,NaN,NaN,NaN,NaN,NaN,NaN,NaN,NaN,NaN,NaN
6.462072815747248,3.3515935075459358,0.25130419591620184,-2.1691843723675452,-4.9040849610725665,-5.970711271157337,-5.540259692049493,NaN,NaN,NaN,NaN,NaN,NaN,NaN,NaN,NaN,NaN,NaN,NaN,NaN,NaN,NaN,NaN,NaN,NaN,NaN,NaN,NaN,NaN,NaN,NaN,NaN,NaN,NaN,NaN,NaN,NaN,NaN,NaN,NaN,NaN,NaN,NaN,NaN,NaN,NaN,NaN,NaN,NaN,NaN
10.370028913053341,7.4151098893792495,4.000946531054964,0.7388292328746104,-1.3262726641995328,-4.0139201640538875,-5.707659938991172,-5.777852203628685,NaN,NaN,NaN,NaN,NaN,NaN,NaN,NaN,NaN,NaN,NaN,NaN,NaN,NaN,NaN,NaN,NaN,NaN,NaN,NaN,NaN,NaN,NaN,NaN,NaN,NaN,NaN,NaN,NaN,NaN,NaN,NaN,NaN,NaN,NaN,NaN,NaN,NaN,NaN,NaN,NaN,NaN
14.608163400718595,11.468799118923005,7.51011510206988,4.883225314648072,2.056175168522378,-0.5953714963123274,-3.477234462964369,-5.041191761132268,-5.631835326293645,NaN,NaN,NaN,NaN,NaN,NaN,NaN,NaN,NaN,NaN,NaN,NaN,NaN,NaN,NaN,NaN,NaN,NaN,NaN,NaN,NaN,NaN,NaN,NaN,NaN,NaN,NaN,NaN,NaN,NaN,NaN,NaN,NaN,NaN,NaN,NaN,NaN,NaN,NaN,NaN,NaN
14.895207144359643,14.115895449653133,11.55120988228682,8.094414554051674,4.997531395580248,2.7878093868658858,0.10462396905000171,-3.135758254570704,-5.0353161583498,-5.563802957628875,-5.16286363175464,NaN,NaN,NaN,NaN,NaN,NaN,NaN,NaN,NaN,NaN,NaN,NaN,NaN,NaN,NaN,NaN,NaN,NaN,NaN,NaN,NaN,NaN,NaN,NaN,NaN,NaN,NaN,NaN,NaN,NaN,NaN,NaN,NaN,NaN,NaN,NaN,NaN,NaN,NaN
16.009230631016237,14.911135163901202,13.743833352292965,12.231669167955724,8.443978561142412,5.813612359173786,2.7707804153363513,-0.1441092013791988,-2.0511285280940372,-4.7948745982086605,-5.824979048789898,-5.326490410994322,NaN,NaN,NaN,NaN,NaN,NaN,NaN,NaN,NaN,NaN,NaN,NaN,NaN,NaN,NaN,NaN,NaN,NaN,NaN,NaN,NaN,NaN,NaN,NaN,NaN,NaN,NaN,NaN,NaN,NaN,NaN,NaN,NaN,NaN,NaN,NaN,NaN,NaN
17.343334472116872,15.50179859009251,14.095341369724997,14.268039852188334,13.071612388252207,9.354791908305762,6.484605068828936,3.522819012770939,0.4559405248842665,-1.5667979048641971,-3.7580745196942926,-5.475526165272145,-5.522465452833862,NaN,NaN,NaN,NaN,NaN,NaN,NaN,NaN,NaN,NaN,NaN,NaN,NaN,NaN,NaN,NaN,NaN,NaN,NaN,NaN,NaN,NaN,NaN,NaN,NaN,NaN,NaN,NaN,NaN,NaN,NaN,NaN,NaN,NaN,NaN,NaN,NaN
19.4148155808262,17.579137695662546,15.355331689005169,13.900927117710541,13.748766621434171,13.195655955296385,10.32446454431382,6.605857621086527,4.125802691456556,1.758339547672287,-0.7044424134066969,-3.5565593733381107,-4.737737325180515,-5.3855872060026515,NaN,NaN,NaN,NaN,NaN,NaN,NaN,NaN,NaN,NaN,NaN,NaN,NaN,NaN,NaN,NaN,NaN,NaN,NaN,NaN,NaN,NaN,NaN,NaN,NaN,NaN,NaN,NaN,NaN,NaN,NaN,NaN,NaN,NaN,NaN,NaN
20.83729495861313,19.71437887033256,17.427921685681298,15.590805009432266,14.097960386497773,13.438037840489365,12.702306726342577,10.310992357354856,7.204075148429407,4.27158508116275,2.168041921316684,-0.22790989180128052,-3.14104535216969,-5.007062433282613,-5.382555625193509,-4.933607386032973,NaN,NaN,NaN,NaN,NaN,NaN,NaN,NaN,NaN,NaN,NaN,NaN,NaN,NaN,NaN,NaN,NaN,NaN,NaN,NaN,NaN,NaN,NaN,NaN,NaN,NaN,NaN,NaN,NaN,NaN,NaN,NaN,NaN,NaN
18.955122616489906,20.25240224655242,19.772162302223407,18.09784176225057,15.272789541506127,14.498008015454978,13.454390604482603,12.332058766566282,11.009964864207426,7.388264171414344,5.165151902600339,2.1899673231271533,-0.5395225986745996,-1.9330726838205292,-4.6856642353447535,-5.628973126152144,-5.126274509671352,NaN,NaN,NaN,NaN,NaN,NaN,NaN,NaN,NaN,NaN,NaN,NaN,NaN,NaN,NaN,NaN,NaN,NaN,NaN,NaN,NaN,NaN,NaN,NaN,NaN,NaN,NaN,NaN,NaN,NaN,NaN,NaN,NaN
16.061253059575307,18.404439138532517,19.635806404413234,19.243550573222784,17.885529501274746,15.773939214848589,14.012292963802608,12.63867384200066,12.812570206967994,11.801244636806597,8.3395549035582,5.554100248278633,3.0446914944873003,0.1730518168945019,-1.8073231455289784,-3.5022288753346467,-5.199671899986571,-5.264044297130658,NaN,NaN,NaN,NaN,NaN,NaN,NaN,NaN,NaN,NaN,NaN,NaN,NaN,NaN,NaN,NaN,NaN,NaN,NaN,NaN,NaN,NaN,NaN,NaN,NaN,NaN,NaN,NaN,NaN,NaN,NaN,NaN
13.678407898372758,15.599524040701969,17.22663809803144,18.651200771226637,19.40107118616085,17.599886028820823,15.906045185078057,13.864612952956563,12.453460686988025,12.290750933216867,11.783148509874186,9.180129969704641,5.701600140103174,3.3683800682650435,1.4605039268221967,-0.8135133305010969,-3.6358842837118464,-4.6324493367175075,-5.144973677826195,NaN,NaN,NaN,NaN,NaN,NaN,NaN,NaN,NaN,NaN,NaN,NaN,NaN,NaN,NaN,NaN,NaN,NaN,NaN,NaN,NaN,NaN,NaN,NaN,NaN,NaN,NaN,NaN,NaN,NaN,NaN
11.52892306643874,13.21966027819774,14.701933250005528,16.267176658415618,17.76870358120794,18.847886017484328,17.730371319943696,15.734541598212436,14.030444148986295,12.64982772054845,11.98086853661908,11.288718003032013,9.070774832422895,6.31373574280714,3.5456387667452525,1.5482744557674746,-0.5604437526525639,-3.1463324497686758,-4.973361933656816,-5.236823402826079,-4.7043511403113065,NaN,NaN,NaN,NaN,NaN,NaN,NaN,NaN,NaN,NaN,NaN,NaN,NaN,NaN,NaN,NaN,NaN,NaN,NaN,NaN,NaN,NaN,NaN,NaN,NaN,NaN,NaN,NaN,NaN
10.074113549247254,11.021434941434624,12.404868471707022,13.68077969751831,15.097638393542923,16.967143595257586,18.248059155694968,17.854759742270403,16.409065897071823,13.701995045437135,12.986785399893524,11.99764604506401,10.935846484134814,9.78826056045984,6.332549781686275,4.516691446026865,1.6091542309175688,-0.9349359959700004,-1.815016839547021,-4.500156066349349,-5.396839352433123,-4.926058608348394,NaN,NaN,NaN,NaN,NaN,NaN,NaN,NaN,NaN,NaN,NaN,NaN,NaN,NaN,NaN,NaN,NaN,NaN,NaN,NaN,NaN,NaN,NaN,NaN,NaN,NaN,NaN,NaN
7.930700052716604,9.141910671716102,10.287782634072009,11.508728952765408,12.75060261667765,14.207838258745104,16.487884086683056,17.65485604829536,17.322230334290634,16.07359728494596,14.204543957580285,12.522787337512701,11.22057835095346,11.357100561747652,10.530876885361792,7.324317898810601,4.623595427728323,2.5665639762032737,-0.10983689109526251,-2.0478483861936585,-3.523712317166111,-4.8962174640348035,-5.005623141427612,NaN,NaN,NaN,NaN,NaN,NaN,NaN,NaN,NaN,NaN,NaN,NaN,NaN,NaN,NaN,NaN,NaN,NaN,NaN,NaN,NaN,NaN,NaN,NaN,NaN,NaN,NaN
5.359994108190315,7.091927512421009,8.340419017000253,9.397045019029353,10.55254331170234,11.861285171148495,13.740438465888184,15.301233947194111,16.683042742711258,17.365065702069607,15.784956476815447,14.232976510301741,12.373894216907946,11.005994256265511,10.832735244999565,10.370641064451984,8.035795395095452,4.797342659120398,2.610957445073524,1.162668305972105,-0.922584247595498,-3.715209194085582,-4.6041956116503275,-4.90436014964974,NaN,NaN,NaN,NaN,NaN,NaN,NaN,NaN,NaN,NaN,NaN,NaN,NaN,NaN,NaN,NaN,NaN,NaN,NaN,NaN,NaN,NaN,NaN,NaN,NaN,NaN
3.3961062856583624,4.894551440139158,6.194940280869156,7.4554665351177265,8.619941568772997,9.74865049332174,11.400711681014627,12.918805673529572,14.433861464592923,15.83191376460736,16.858477076355527,15.746363769554836,14.04116151074271,12.470083288540318,11.201695054599094,10.53397028735281,9.875129279721456,7.8305573074909285,5.423396337185449,2.8196924523277422,0.9285069902182879,-0.9018669885116023,-3.099948420246517,-4.864151570792909,-5.091091180458649,-4.475094894589639,NaN,NaN,NaN,NaN,NaN,NaN,NaN,NaN,NaN,NaN,NaN,NaN,NaN,NaN,NaN,NaN,NaN,NaN,NaN,NaN,NaN,NaN,NaN,NaN
1.5623207033202768,2.735626263287267,4.241497178829591,5.694545049417205,6.759123317349789,8.287449619931968,9.18099698409831,10.627612251958002,11.901248939791268,13.259708084541915,15.011398512030098,16.243716064836544,15.93735718231739,14.720290031892125,12.131200549366504,11.47556278433247,10.540901485645406,9.539634201703343,8.56655625671154,5.276835391958205,3.8682309894534193,1.0283411387083712,-1.3303493932654011,-2.0418562183775384,-4.244310421989729,-5.164705578714096,-4.725842707025455,NaN,NaN,NaN,NaN,NaN,NaN,NaN,NaN,NaN,NaN,NaN,NaN,NaN,NaN,NaN,NaN,NaN,NaN,NaN,NaN,NaN,NaN,NaN
-0.31712642450311057,0.9476097369987548,2.0771827374683918,3.2196462731721827,4.9249074881286745,6.245251341478914,7.336911388298903,8.486029885451254,9.750753778205318,10.9610388673792,12.369477891191913,14.510519161564238,15.673905692177494,15.400910095358725,14.261665068617184,12.635148700311994,11.033281711222795,9.802482859906249,9.90163091652731,9.26050913391775,6.309080894063041,3.6930906071780205,2.088436457918861,-0.3927255990850864,-2.2883736268583736,-3.6030372275398372,-4.592763028083066,-4.747201985724409,NaN,NaN,NaN,NaN,NaN,NaN,NaN,NaN,NaN,NaN,NaN,NaN,NaN,NaN,NaN,NaN,NaN,NaN,NaN,NaN,NaN,NaN
-1.3568759932326666,-0.6677781740980626,0.5332270946937742,1.7684988273332922,2.7820351001812385,3.8803635661944145,5.351447711248346,6.558169374354065,7.608492726923078,8.776651863900067,10.08629691086775,11.879534613937771,13.37639983819897,14.714884714195874,15.32906021797836,13.97002692481008,12.559907835525422,10.883175480859327,9.558527825542999,9.384937045945689,8.958133619029779,6.891460820486273,3.8930851781370435,1.8535348218820102,0.7400312341146783,-1.10523894433655,-3.76720977029577,-4.57594188658314,-4.663746621473284,-4.097698834294789,NaN,NaN,NaN,NaN,NaN,NaN,NaN,NaN,NaN,NaN,NaN,NaN,NaN,NaN,NaN,NaN,NaN,NaN,NaN,NaN
-1.7650472295929347,-1.5860904686544515,-0.9339984009843225,0.15845996499385806,1.4228610038543128,2.3214610228460364,3.3580888214656386,4.5622295750031,5.7410465889039,6.787825516956557,7.968377920204551,9.57682098145342,11.135678097051942,12.600546270771162,13.89512394800678,14.869068135226728,13.762356219165058,12.347781423273855,10.909722428094346,9.753562388649753,9.102152484278308,8.461540556410892,6.590339782558965,4.533056931563181,2.0937461379102564,0.30873952466908783,-1.2972803858070039,-2.9818925759730384,-4.754941207929002,-4.945358958091219,-4.274480914391091,NaN,NaN,NaN,NaN,NaN,NaN,NaN,NaN,NaN,NaN,NaN,NaN,NaN,NaN,NaN,NaN,NaN,NaN,NaN
