wind_particles_2018-04-14T21Z.json
{"header": {"parameterCategory": 2, "parameterNumber": 3, "parameterNumberName": "V wind", "parameterUnit": "mph", "nx": 51, "ny": 36, "lo1": -107.0, "la1": 34.0, "dx": 0.5, "dy": 0.5}, "data":
[rows 0 to 18 of 36, columns 0 to 42 of 51]
-11.391874483451844,-7.219457100639343,-7.243486729545594,-8.259284678764343,-8.281129795951843,-7.416063155326844,-5.397574327201844,-6.1053561240768435,-8.746430792045594,-8.552009249076844,-12.554034717826845,-15.103359893608094,-13.519588897514344,-13.821051514701844,-13.377595635795593,-10.745259014701844,-10.793318272514345,-11.948924971733094,-7.400771573295594,-6.717019405326844,-7.8223823350143435,-5.782048389701844,-5.5264605186080935,-4.178616788139344,-2.9181535264205936,0.8326530946731568,2.538756747016907,6.204367411079407,7.556580164985657,8.345188895454408,7.432062997016907,11.624140985298158,10.975341004829408,10.907621141548157,12.248911336860658,13.148930164985657,13.144561141548158,14.252108582954408,17.015515907173157,13.103055418891907,11.774872293891908,12.825622430610657,14.059871551704408
-19.301991417045596,-12.471982862046202,-11.291128175433176,-12.476574983764852,-7.235688341732357,-7.149357161372204,-5.743343284741918,-6.8459673004236805,-10.213283007194043,-10.539179538103634,-13.9718950460041,-17.112209108786764,-12.910670222098444,-12.48460126292667,-13.058320026643942,-11.718368424359161,-10.67284964362195,-11.152643626888418,-7.791663433127839,-7.500395379094345,-6.183032487094219,-6.963742529635525,-4.938720128250079,-4.596952184868962,-0.576463760697677,0.3956819385316541,2.27860040185961,4.865674591037665,6.994177767949685,7.651548511643179,9.440861548211464,10.659460535032464,11.02888463541036,12.204737894863245,12.07593184459313,12.481080932143325,13.585427446910066,14.284491504615577,15.436360435363202,12.993851093602816,11.394273739366662,13.520437497522959,17.65099905723298
-13.237786885795595,-10.07409220624679,-8.948584004812908,-7.771910524985636,-5.783271354344048,-4.6990259059428485,-6.528336372622824,-8.594564525414945,-12.03004373952663,-14.160412582361221,-15.302187732829408,-16.29881326745377,-17.67073262100951,-17.897543820117015,-18.29580171775879,-15.342364583666253,-12.408992064409377,-12.925247587460428,-9.44349360754386,-8.694219586849815,-7.9564815778097255,-6.261203275770593,-3.8307386738528226,-2.910556919780832,-2.195544594367824,-0.9344637516911513,0.5202982001753501,2.4262522190050726,3.2286225632948393,6.73165404642379,9.743576020606524,11.155809848216835,12.662297467537085,13.172684392495851,14.35714751812003,15.63776382318513,14.754904223193273,13.747773695215702,14.909200789757396,14.277125320295847,15.23125480272661,16.177688698073556,14.408679690288892
-17.394912686576845,-9.503440710663266,-8.47381631123982,-11.532774250152663,-6.468506507435047,-6.044579740346063,-6.532326095737915,-7.971521543621578,-14.34631064489358,-13.377864780533754,-18.01315456472431,-18.55522679339639,-18.198286757318478,-22.271276844470645,-16.444033381308415,-18.325399718622116,-12.936650546759322,-12.741930116994745,-9.433720294179661,-9.647653286599203,-6.753353567974403,-6.691195423099049,-2.91315723211475,-1.9142822355379379,-1.923758821793751,-0.7800425917934045,0.9619235402502676,3.13623409360834,8.164393477704111,6.202308494742064,11.017115385365539,12.344413566749349,12.968866544041491,12.964003698293073,13.325633904637412,14.000098936863914,14.726786645119516,13.061186874476679,15.415936253737746,15.50625068247032,14.56385190348993,13.629898778921573,18.238195940515226
-14.345334327201844,-16.30974421589916,-7.855304612686163,-12.58419807143136,-9.322295159774262,-9.480599199849769,-10.360352491123232,-14.063271158803465,-16.278806750519955,-20.566690393507088,-17.67878753882742,-21.68946970696016,-20.017711864159455,-20.78531398209273,-17.802287259546514,-17.15664450755467,-15.274800627657575,-14.423960938775556,-11.050641400071495,-8.397529663587713,-5.592050241773739,-4.895464065431923,-1.6634846530624994,-0.5852084341876869,0.5052813035760474,3.4980454762263262,5.447470827083548,6.849200405406196,7.33218602720298,9.052231293414318,11.2720076152162,10.981760379122873,14.007020766315778,15.371169537212019,15.64334992016749,15.881733426980544,15.249738140061789,14.284494706078984,14.973714895183857,13.603221936041091,16.835078472992432,11.652660289945706,10.647379728363584
-6.797846338920594,-12.887525053782719,-6.47121853445837,-11.899912810811507,-9.726722100914756,-10.904387352489866,-16.193428754417756,-17.96645136393384,-22.011211799659236,-22.250853404543985,-22.18603898070719,-22.027254315679357,-21.985081934021,-21.893965898953834,-21.44649148136597,-18.700416893159797,-16.575063292026428,-12.669520590110409,-9.849019128460423,-9.069267636224673,-5.641531897443835,-4.224930943701343,-0.7872890913334453,0.38082958006937484,3.529494639763944,3.945930794046455,4.9995713557648545,6.2338105825192525,5.917534050392297,7.0880160598091875,9.254376212910405,12.76480218997038,14.22848955448625,14.587786546957075,14.716652541269346,14.387293920054997,16.0655963281024,14.02858415928594,14.166053169987595,16.11851074389923,13.709037739506618,11.710371081604931,11.958096871694885
-4.709453135795593,-15.786747676161545,-14.921313301566789,-17.695556833039948,-13.517407674812514,-20.092674110521592,-21.957635853296342,-21.36812980420285,-23.985971258140285,-24.473502797275756,-24.14429491275044,-24.460034866386412,-20.158114961689186,-19.342248337645042,-17.60979399596174,-15.738300323057512,-13.783038302415934,-12.033737686318725,-9.109842059470216,-7.824674192675164,-4.772082052786179,-4.119770826428664,0.07085404241957557,2.4021765439232983,5.144802027286391,5.816847045206295,7.671952438989191,7.752626555677844,10.045832163984716,10.306295864950416,12.887259315507219,13.267071652520166,15.248209993406089,15.299162057189466,15.072579942597946,15.855783903861404,14.723311405025862,14.724306774137897,18.00091144983973,16.263863844449286,15.365620473182368,16.46684811735124,14.161612311032195
-13.993627940483094,-19.702883042368267,-11.302473473720093,-16.14165431403381,-15.345186358643423,-15.252575432929154,-14.125229834941722,-19.16230946859044,-26.42859844892187,-26.442322810584344,-27.08799665394876,-22.73462793037918,-23.17546851395785,-23.552289238999915,-21.966014479260565,-23.088375064098194,-20.518065428810033,-17.061858607271027,-12.342245553840227,-9.260563046718504,-5.513843325556117,-5.219133516085728,2.7270224871581137,2.0863553898118297,5.225009389568772,7.066659865397895,8.62250038507627,10.008970172498104,9.525879864498338,10.433476145725013,12.077627228837756,11.500835280798427,15.632391618517572,17.773997375076295,17.772223684651706,15.847420241540652,16.154753935126177,16.684976243204733,16.789493566102454,16.207424111235508,16.10563723101335,18.197674150817164,17.69163765874274
-20.276283643608096,-16.814839871454346,-16.999946313084955,-16.33026297283604,-17.245042535308347,-13.099695749229092,-13.00646069965615,-17.975887459882813,-22.10753707575188,-20.95453861982208,-23.082040204672484,-22.424844293428492,-22.922474638124168,-24.08674306135523,-21.01877524736839,-20.58381214184381,-17.348837719483047,-13.665346451543263,-12.075387991448094,-10.656561279460025,-6.175780729804701,-1.3792261710041092,2.1015845905353636,0.5633432983599971,7.847672931281266,8.621394652323568,10.234149411213606,10.164058523234022,10.911998125731955,9.51390994346605,10.868560456692272,9.720700598021452,13.80847611572935,14.67647255212119,15.067174590547962,15.706036550264441,14.427377051382066,13.485828183475117,14.898986017387923,15.588885537156987,15.463809331874382,15.251949625601728,13.924287637935242
-10.699384268608094,-17.065952296181596,-12.083230015448287,-18.834648581078362,-12.783663551416051,-11.441430836832385,-16.346680157884983,-17.291377902959493,-21.872273485352277,-23.702572788702934,-24.547083249282124,-25.666756051748305,-25.985266982165168,-25.231351070260736,-24.016430370570482,-22.00622039571433,-18.890170455843364,-19.353189849925744,-19.00413317914147,-13.037780883384569,-10.808663973698966,-6.652263803087297,-0.1800318636273802,0.5211520943653795,5.8837777443225905,7.216512547877454,11.354353054001276,11.259826499661418,11.30452212882039,11.471394260363256,9.593551088321869,12.119148445676712,11.115779791864881,13.177235393716508,15.073850705076662,17.78496136632679,17.010546485252362,16.178085815653024,15.420180660744641,16.081292471915653,16.16649625682865,18.433224670794285,14.401971233332771
-15.182002315483095,-20.361246791775248,-20.82695178824648,-21.341630775552442,-16.4693708794946,-23.201384112071217,-21.391698135972113,-26.253431769554506,-25.191446971464345,-26.674346488371274,-27.293891491547708,-27.626007622396955,-23.75911513194137,-23.180939709634302,-20.837576297129672,-21.458221154802562,-20.115413323305035,-18.803374870522344,-10.14699647043151,-9.569496002665113,-5.956894538795605,-5.365755934253505,-0.11637436175828075,4.432943525351386,7.571758276038208,10.999727155399334,11.846060142275201,12.668581017846302,10.679556138138082,13.674472021996058,12.850217379276167,13.222063834654621,13.092368542096002,12.810015663858165,14.741130861784251,15.376615800384533,17.011211036420317,17.183435801506466,15.654826918982648,16.21425865246307,15.951708413356377,13.643315726497597,12.942570478481029
-2.0356107920455933,-16.341484946926716,-21.61688614726269,-21.800074112096215,-21.873045464504848,-25.338730480032133,-25.449580649032907,-28.76386686392866,-28.071620214285034,-27.350129892971246,-26.39074529269426,-27.166641678686563,-27.939517229763684,-25.410074980730304,-25.38368670141112,-22.43291138686681,-21.298000728802982,-20.989066721891078,-17.427631971871403,-16.68601666452426,-8.904291352300092,-9.283642806011406,-2.0940662329482147,-4.149755334069162,6.875405818198163,6.477257154618237,10.188419470068762,12.060045635776385,10.88077648098314,12.554784335352641,11.485448830529899,10.036402841983536,10.905510360782891,13.049921648991393,14.481628115966663,15.793153968319293,15.767863631020965,15.92100572120361,15.914145868322972,15.868348849469424,15.791269858473994,16.78016864212418,15.971242652827755
-11.710813194389344,-15.01589570310416,-14.015610817457857,-17.093980284796963,-16.94762554550808,-16.157350420470177,-18.94021179980859,-22.638585000777827,-20.31003126693834,-25.391460693012235,-26.41439021039995,-24.88296431819053,-25.64306346041988,-26.19893530441451,-25.12347614707972,-23.377242583576834,-21.05317951771749,-21.80151819297005,-17.279331214889528,-19.142367032951853,-13.667626341755257,-12.595981710635538,-7.078960285131658,-7.5757930762435155,2.31547707539059,5.077201838554038,9.7192143295313,11.088357984239767,10.963097043414384,11.101185314108255,10.847202751307004,8.612099705455478,8.728076838508777,9.275143101103966,10.51557001026385,11.838401844405322,13.216127058796438,14.428335609956505,13.866597881240978,15.410682801823498,15.95518251592886,15.782230980434337,15.611253907130104
-11.212744522514344,-14.45292123876964,-9.72539288345199,-18.490814990068802,-23.985899075457667,-17.759833497934093,-22.455267254101816,-22.905949181645934,-23.82024319182008,-25.18216997036937,-26.54396963159216,-26.71790115642004,-25.327630061960814,-25.418220895038,-24.925506659506745,-24.90132054704878,-26.91266348877631,-23.931216940011044,-21.499623454647555,-23.969271562013024,-17.605537416586692,-19.43569952766267,-16.371241737103272,-9.653141029879185,-2.298549844469201,3.403825654393863,1.9878755346963382,6.235468900836616,2.7819342942595986,5.450937062249915,3.033642555732529,4.9845606520634576,6.06881824887539,6.981148961929221,5.191369381181166,8.146861015585634,11.385588926516457,9.000455934457005,11.201067897450566,10.591813036020909,9.387966739869025,11.040815125671049,11.132103675153457
-11.854990967826843,-11.78470137157614,-13.217979865161222,-20.105765658237512,-18.39512649136794,-22.48954543308931,-21.969739374048093,-25.25703200415769,-24.913003053279578,-25.66851380671217,-25.591471557480826,-23.238016136453208,-23.1778999664049,-26.01055043272105,-25.724355311319545,-25.56369543704323,-25.11967999319399,-26.409325722306676,-23.494715426149668,-22.966744831974466,-22.45071640805183,-21.55755449499805,-18.399191461900703,-15.918383849257955,-11.856071950052444,-11.46105621776615,-7.222552345557677,-4.030543722568531,-4.037848857021021,-2.4122691252046495,-2.0732512810785013,-3.2589719641299473,-3.2129142836329234,-2.5747780993727036,-1.625957876689415,-0.1796018737367362,-2.038395439986684,-0.37880491960707025,-1.801093129574169,3.3501389832713886,6.348767992995017,7.161221326357043,10.511453209863133
-13.272739073295595,-12.033227908650403,-12.935477756043236,-21.724464706427316,-23.792848736440924,-24.954070276311466,-25.089919648840556,-25.678576832658575,-24.122341208315202,-25.87114226900091,-27.12244757226796,-25.483634603141105,-27.513304920147696,-29.217170910335703,-28.274789660319716,-28.825490851110082,-25.752850463487068,-26.532600352959555,-24.161907233672597,-25.2737937533479,-22.248561015089873,-22.14456294052579,-20.798825133863286,-17.86714945237334,-15.695711084491744,-14.710913742351975,-12.07382732407748,-10.54845998817823,-10.308522807610771,-6.04011866700509,-6.455730671690137,-6.585474698950665,-8.203919105620676,-6.782071840495806,-4.951229662354518,-5.515184390479206,-7.31252272826133,-6.71740867359219,-9.002687689181705,-7.502652126998246,-8.602956308050738,-5.2526579343564475,2.849118831703185
-10.347677881889345,-7.793545584375175,-11.71186628367325,-14.909145395308311,-15.647886888164475,-14.599423372363733,-17.03775917409351,-18.11601518765789,-20.79476201921287,-23.89807983369879,-24.45119999415988,-28.821285109146984,-29.22786319939662,-28.75545861090061,-28.106950634833623,-26.62715428374951,-25.775945851671153,-27.336389287156372,-25.66676063983873,-27.25873378067651,-24.10751252575893,-22.83980067007644,-21.280939506701174,-21.174299089552186,-19.155599288257424,-17.19201762301642,-15.097120266126641,-15.138689076998592,-12.851575779519916,-11.406671903057926,-10.86999608229712,-10.265785595420521,-10.318534798991696,-9.969980726590082,-10.177727154883717,-11.417099211902519,-10.692647964743538,-11.670825536019937,-14.045470161833304,-17.647956918763864,-9.70551289335794,-7.084359110877871,-5.190188359906689
-8.224332491264343,-12.096417726127958,-14.631617875387082,-16.272049778764572,-14.907059352078067,-17.801635791989902,-16.08703699532718,-17.41530143489468,-20.73739485292829,-23.753635691233328,-25.01763784725907,-25.94090997291335,-23.329659867750944,-28.37832670920043,-29.365982053060463,-28.162868187121198,-25.48764868219837,-27.385306256656076,-24.945938077783982,-24.16385402295631,-23.41052403358371,-22.57377339860836,-20.502752619301194,-19.937768710148166,-19.663177527658654,-18.17783209270658,-17.63587241696754,-14.224120238913837,-14.936356515417733,-11.268518329215842,-10.355517917562088,-10.577683378462787,-10.615804887534845,-10.62502491322265,-12.642524181817794,-12.323796279318803,-12.701375596054527,-12.609929840412281,-16.47787928649869,-17.323513781571155,-15.072584555801761,-17.04550904236023,-10.744869793602806
-3.0885454404830934,-2.6279122685212357,-5.636164226322476,-7.626419786172658,-11.812139702356301,-12.47589281279225,-14.427263983473214,-9.543680717884438,-9.81984471185983,-19.63619196579387,-19.91140540814589,-22.897524287806736,-22.54494771575325,-25.703473397480007,-25.567614765481952,-27.0836750351039,-26.012602157314596,-26.33498929836682,-24.377139401231073,-24.909134261187486,-20.068864317523463,-19.83537755474877,-19.449382865157435,-19.016372581080457,-21.07976486179054,-19.734239958561957,-19.587320613640877,-17.521587916198577,-16.37781960433352,-14.695232100466171,-14.153220876022711,-13.078637162933777,-11.446181632232399,-11.764345506454635,-13.67764825696415,-13.272760371994982,-13.473235073414271,-14.135039383182278,-17.429111295155185,-18.854184511237744,-16.774527135985238,-12.00141851889368,-11.959918448570662
