wind_particles_20180414.json
{"header": {"parameterCategory": 2, "parameterNumber": 2, "parameterUnit": "mph", "dx": 0.35596466064453125, "dy": 0.24983069101969402, "lo1": -107.99530029296875, "la1": 49.99544143676758, "lo2": -82.00988006591797, "la2": 35.00559997558594, "nx": 74, "ny": 61, "refTime": "2018-04-14T00:00:00Z"}, "data":
[rows 0 to 19 of 61, columns 0 to 44 of 74]
0.0,0.0,0.0,0.0,0.0,0.0,0.0,0.0,0.0,0.0,0.0,0.0,0.0,0.0,0.0,0.0,0.0,0.0,0.0,0.0,0.0,0.0,0.0,0.0,0.0,0.0,0.0,0.0,0.0,0.0,0.0,0.0,0.0,0.0,0.0,0.0,0.0,0.0,0.0,0.0,0.0,0.0,0.0,0.0,0.0
0.0,0.0,0.0,0.0,0.0,0.0,0.0,0.0,0.0,0.0,0.0,0.0,0.0,0.0,0.0,0.0,0.0,0.0,0.0,0.0,0.0,0.0,0.0,0.0,0.0,0.0,0.0,0.0,0.0,0.0,0.0,0.0,0.0,0.0,0.0,0.0,0.0,0.0,0.0,0.0,0.0,0.0,0.0,0.0,0.0
0.0,0.0,0.0,0.0,0.0,0.0,0.0,0.0,0.0,0.0,0.0,0.0,0.0,0.0,0.0,0.0,0.0,0.0,0.0,0.0,0.0,0.0,0.0,0.0,0.0,0.0,0.0,0.0,0.0,0.0,0.0,0.0,0.0,0.0,0.0,0.0,0.0,0.0,0.0,0.0,0.0,0.0,0.0,0.0,0.0
0.0,0.0,0.0,0.0,0.0,0.0,0.0,0.0,0.0,0.0,0.0,0.0,0.0,0.0,0.0,0.0,0.0,0.0,0.0,0.0,0.0,0.0,0.0,0.0,0.0,0.0,0.0,0.0,0.0,0.0,0.0,0.0,0.0,0.0,0.0,0.0,0.0,0.0,0.0,0.0,0.0,0.0,0.0,0.0,0.0
0.0,0.0,0.0,0.0,0.0,0.0,0.0,0.0,0.0,0.0,0.0,0.0,0.0,0.0,0.0,0.0,0.0,0.0,0.0,0.0,0.0,0.0,0.0,0.0,0.0,0.0,0.0,0.0,0.0,0.0,0.0,0.0,0.0,0.0,0.0,0.0,0.0,0.0,0.0,0.0,0.0,0.0,0.0,-6.599178314208984,-5.73192834854126
0.0,0.0,0.0,0.0,0.0,0.0,0.0,0.0,0.0,0.0,0.0,0.0,0.0,0.0,0.0,0.0,0.0,0.0,0.0,0.0,0.0,0.0,0.0,0.0,0.0,0.0,0.0,0.0,0.0,0.0,0.0,0.0,0.0,0.0,0.0,0.0,0.0,0.0,0.0,-7.654295921325684,-10.961641311645508,-10.81091022491455,-6.878795146942139,-6.9203009605407715,-6.308638572692871
0.0,0.0,0.0,0.0,0.0,0.0,0.0,0.0,0.0,0.0,0.0,0.0,0.0,0.0,0.0,0.0,0.0,0.0,0.0,0.0,0.0,0.0,0.0,0.0,0.0,0.0,0.0,0.0,0.0,0.0,0.0,0.0,0.0,0.0,-10.367454528808594,-9.471806526184082,-8.593634605407715,-7.60186767578125,-7.630266189575195,-11.134217262268066,-10.946349143981934,-11.70874309539795,-11.04902172088623,-6.485583782196045,-6.70621919631958
0.0,0.0,0.0,0.0,0.0,0.0,0.0,0.0,0.0,0.0,0.0,0.0,0.0,0.0,0.0,0.0,0.0,0.0,0.0,0.0,0.0,0.0,0.0,0.0,0.0,0.0,0.0,0.0,-7.258899688720703,-7.267637729644775,-9.004322052001953,-9.851910591125488,-9.88249397277832,-9.294861793518066,-10.35871696472168,-9.39316463470459,-12.859978675842285,-11.518691062927246,-11.319900512695312,-11.365775108337402,-12.01457405090332,-11.514321327209473,-11.57330322265625,-11.228151321411133,-12.473320960998535
0.0,0.0,0.0,0.0,0.0,0.0,0.0,0.0,0.0,0.0,0.0,0.0,0.0,0.0,0.0,0.0,0.0,0.0,0.0,0.0,-5.360562324523926,-5.362746715545654,-4.626567363739014,-7.167150497436523,-5.522215843200684,-7.805027008056641,-7.136567115783691,-7.429291248321533,-9.63346004486084,-7.407446384429932,-6.9050092697143555,-10.439543724060059,-9.375688552856445,-11.265287399291992,-8.405766487121582,-12.886192321777344,-12.93425178527832,-11.9599609375,-11.933747291564941,-11.656314849853516,-11.837628364562988,-11.91190242767334,-11.841998100280762,-14.76050090789795,-11.499030113220215
0.0,0.4633362591266632,0.5223179459571838,-1.496167540550232,-5.659839630126953,-3.6238784790039062,-6.666898250579834,-6.205966949462891,-9.331997871398926,-7.807211399078369,-8.403581619262695,-7.3419108390808105,-7.280745029449463,-5.426097393035889,-5.083129405975342,-5.037254810333252,-5.216384410858154,-4.6527814865112305,-4.842833518981934,-4.587246417999268,-5.570274829864502,-4.980457782745361,-6.891902446746826,-5.887028694152832,-6.708403587341309,-6.728064060211182,-9.006505966186523,-6.376358509063721,-6.41131067276001,-6.66034460067749,-6.900640487670898,-10.398037910461426,-10.489787101745605,-11.252181053161621,-9.945844650268555,-9.45214557647705,-9.268647193908691,-13.80805492401123,-13.36678409576416,-12.591283798217773,-12.112876892089844,-12.16093635559082,-12.499534606933594,-14.740839958190918,-15.291336059570312
0.0,4.919733047485352,1.2235450744628906,3.1546502113342285,0.6817870736122131,-3.4076120853424072,-6.6690826416015625,-6.647237300872803,-5.504739761352539,-7.807211399078369,-7.907698631286621,-7.1715192794799805,-5.946010112762451,-7.634634971618652,-4.984826564788818,-5.104974746704102,-4.561032295227051,-4.840649127960205,-5.862998962402344,-5.858630180358887,-5.943825721740723,-7.6040520668029785,-6.889718055725098,-5.7188215255737305,-6.658160209655762,-6.511797904968262,-7.016419410705566,-6.4681077003479,-10.295366287231445,-6.295531749725342,-6.262763977050781,-6.177568435668945,-6.212520122528076,-10.168664932250977,-10.771589279174805,-10.817463874816895,-11.387619972229004,-13.792763710021973,-12.949542999267578,-14.286462783813477,-12.324773788452148,-14.843511581420898,-14.97458267211914,-20.5079402923584,-20.193370819091797
0.0,4.246904373168945,2.684981107711792,3.1546502113342285,-2.699831485748291,0.32134321331977844,-6.428786754608154,-5.893582344055176,-5.825862407684326,-7.33098840713501,-7.5734686851501465,-7.525409698486328,-7.516671657562256,-4.346950531005859,-4.336028099060059,-3.97121524810791,-4.561032295227051,-5.7188215255737305,-6.098926067352295,-5.788725852966309,-5.395514488220215,-5.399883270263672,-6.4681077003479,-6.17319917678833,-6.201597690582275,-6.157907485961914,-7.016419410705566,-7.062294006347656,-7.435844898223877,-6.284609317779541,-10.21235466003418,-10.574982643127441,-10.592458724975586,-10.59682846069336,-11.680344581604004,-11.055574417114258,-12.663372993469238,-10.69076156616211,-14.699334144592285,-14.271170616149902,-14.321414947509766,-23.4155216217041,-14.959290504455566,-22.65749740600586,-22.14632225036621
0.0,1.5796198844909668,0.2885756194591522,0.10507692396640778,-1.4917985200881958,0.32134321331977844,-2.6277427673339844,-4.984826564788818,-6.090188026428223,-5.327794551849365,-4.993564605712891,-6.872241973876953,-7.857454776763916,-7.440213680267334,-6.957437515258789,-6.9399614334106445,-3.523391008377075,-3.31367826461792,-3.3071248531341553,-5.862998962402344,-5.579012870788574,-7.60186767578125,-6.461554050445557,-5.830231189727783,-6.6384992599487305,-6.870057106018066,-7.387785911560059,-9.803852081298828,-9.851910591125488,-10.21235466003418,-10.56406021118164,-10.623042106628418,-10.747559547424316,-10.590274810791016,-11.291501998901367,-15.005166053771973,-12.65026569366455,-15.099099159240723,-17.36443519592285,-15.059778213500977,-17.281423568725586,-17.34477424621582,-24.494667053222656,-24.07524299621582,-24.16917610168457
0.0,-1.2755322456359863,0.2885756194591522,-0.3580388128757477,-0.036916106939315796,-0.6507629156112671,-1.9767593145370483,-1.913408637046814,-4.346950531005859,-4.84501838684082,-4.796958923339844,-5.865183353424072,-7.857454776763916,-5.904504776000977,-5.692607402801514,-3.1389176845550537,-2.942312002182007,-3.610771417617798,-5.238229751586914,-4.274861812591553,-5.694791793823242,-7.252346038818359,-6.4571852684021,-6.861319065093994,-5.506924152374268,-6.865688323974609,-9.185635566711426,-10.354348182678223,-9.139760971069336,-10.2778902053833,-10.159926414489746,-10.308472633361816,-11.201936721801758,-11.092711448669434,-11.018438339233398,-11.075235366821289,-9.889047622680664,-13.707568168640137,-17.34914207458496,-17.807889938354492,-23.920143127441406,-24.99492073059082,-25.16094207763672,-25.4208984375,-24.319908142089844
0.0,-0.9500405192375183,-3.785531997680664,-5.338716983795166,-1.4590308666229248,-1.533304214477539,-2.990370988845825,-4.768560409545898,-4.121946334838867,-5.801832675933838,-6.278055667877197,-5.906689167022705,-5.793094635009766,-5.242598533630371,-5.227307319641113,-2.544731378555298,-3.1542091369628906,-3.1651318073272705,-4.041119575500488,-4.270493030548096,-4.893077373504639,-6.520535945892334,-6.079265117645264,-8.161101341247559,-8.198238372802734,-5.367115497589111,-3.9559237957000732,-4.0149054527282715,-9.906523704528809,-10.806540489196777,-10.858968734741211,-9.148499488830566,-11.191014289855957,-9.64438247680664,-10.821832656860352,-13.484747886657715,-14.869726181030273,-13.030369758605957,-23.9987850189209,-25.016765594482422,-25.101961135864258,-26.497861862182617,-25.14128303527832,-26.788400650024414,-21.462570190429688
0.0,-4.6374897956848145,-3.98213791847229,-4.604722499847412,-1.6578211784362793,-3.553974151611328,-3.5277600288391113,-5.310318470001221,-4.121946334838867,-5.871737003326416,-5.729743957519531,-5.906689167022705,-6.607916355133057,-6.544565677642822,-5.677315711975098,-3.9755842685699463,-4.001798152923584,-2.5075948238372803,-2.518517255783081,-3.0187697410583496,-3.479701042175293,-6.5183515548706055,-5.000118255615234,-7.2217631340026855,-3.947185754776001,-7.634634971618652,-4.613460540771484,-10.529108047485352,-9.860649108886719,-12.128168106079102,-8.412320137023926,-8.47567081451416,-9.39534854888916,-9.666227340698242,-9.72520923614502,-13.159255981445312,-18.196731567382812,-18.2513427734375,-23.476686477661133,-19.931230545043945,-24.946861267089844,-26.1527099609375,-26.010717391967773,-27.341081619262695,-27.42627716064453
0.0,1.2082535028457642,-3.98213791847229,-3.4229037761688232,-2.4617202281951904,-3.398874044418335,-3.3355233669281006,-3.4971768856048584,-3.4513022899627686,-5.76469612121582,-5.7231903076171875,-6.026837348937988,-6.909378528594971,-6.874426364898682,-3.6894137859344482,-3.9733998775482178,-3.615140438079834,-3.453486919403076,-2.5119638442993164,-4.360057830810547,-3.549605131149292,-5.257890224456787,-7.765705585479736,-7.826871871948242,-3.208822011947632,-3.8401448726654053,-3.912233591079712,-9.565740585327148,-9.847541809082031,-11.872580528259277,-12.838133811950684,-12.333512306213379,-10.834939956665039,-8.768394470214844,-9.895601272583008,-13.950048446655273,-12.394678115844727,-13.70538330078125,-13.75125789642334,-21.965007781982422,-22.95240592956543,-26.13523292541504,-24.929384231567383,-18.978784561157227,-15.693285942077637
0.0,3.5915520191192627,3.871168851852417,0.3628488779067993,-2.4617202281951904,-2.4813807010650635,-0.3558543026447296,-3.4971768856048584,-3.414165735244751,-4.202773094177246,-4.786036491394043,-3.444748878479004,-5.8564453125,-3.4709630012512207,-4.202773094177246,-2.7173075675964355,-2.684540033340454,-2.715123176574707,-4.082625389099121,-5.705714225769043,-5.758142471313477,-4.331659317016602,-3.870727777481079,-6.197228908538818,-6.933408260345459,-6.610100746154785,-3.661015033721924,-3.730919361114502,-4.558847904205322,-12.543225288391113,-12.613129615783691,-13.178916931152344,-12.951727867126465,-13.02381706237793,-12.652450561523438,-13.939126014709473,-14.223112106323242,-16.208829879760742,-21.0933895111084,-20.84217071533203,-20.920812606811523,-18.683876037597656,-17.159090042114258,-17.220256805419922,-17.40375518798828
0.0,3.5915520191192627,2.9078009128570557,2.80076003074646,0.28639110922813416,-0.7162981629371643,-0.6616854071617126,-1.935253620147705,-2.970710515975952,-2.9488654136657715,-4.440884590148926,-3.444748878479004,-3.4360108375549316,-3.942816734313965,-4.204957485198975,-4.370980262756348,-1.9702057838439941,-1.7080647945404053,-3.027507781982422,-2.7216765880584717,-4.305445194244385,-6.291162490844727,-6.350144386291504,-5.648917198181152,-6.924670219421387,-5.834600448608398,-6.5227203369140625,-7.868377685546875,-6.813260078430176,-13.593973159790039,-12.458028793334961,-12.11506175994873,-13.135226249694824,-13.895435333251953,-13.829899787902832,-16.285287857055664,-18.139934539794922,-18.2098388671875,-17.840656280517578,-20.293859481811523,-20.61935043334961,-18.3758602142334,-19.029027938842773,-17.838472366333008,-18.410812377929688
0.0,2.5408034324645996,1.5577747821807861,1.5992804765701294,-1.8303972482681274,-2.5425469875335693,-0.6900840401649475,-2.051032543182373,-1.3738350868225098,-1.319222331047058,-3.711258888244629,-4.543556213378906,-4.159082889556885,-4.139422416687012,-3.499361515045166,-3.7418417930603027,-3.7636868953704834,-2.6932780742645264,-3.0253231525421143,-2.8287174701690674,-3.488438844680786,-4.838464736938477,-6.4222331047058105,-5.251336574554443,-8.296541213989258,-6.559857368469238,-6.640684127807617,-10.122790336608887,-10.498525619506836,-10.579352378845215,-11.874765396118164,-12.104138374328613,-13.159255981445312,-14.889387130737305,-13.812423706054688,-14.207819938659668,-15.861493110656738,-14.454669952392578,-16.674129486083984,-18.185808181762695,-15.961979866027832,-20.219585418701172,-20.296043395996094,-18.976600646972656,-18.39552116394043
