wind_particles_2018-04-14T21Z.json
{"header": {"parameterCategory": 2, "parameterNumber": 2, "parameterNumberName": "U wind", "parameterUnit": "mph", "nx": 51, "ny": 36, "lo1": -107.0, "la1": 34.0, "dx": 0.5, "dy": 0.5}, "data":
[rows 0 to 18 of 36, columns 0 to 42 of 51]
7.801112145471573,8.192139743127823,8.170294625940324,7.270275797815323,7.241877145471573,5.797914899377823,3.7990864100575448,2.523331566307545,4.214143636620045,3.838407620995045,8.438989567346573,10.625685797815324,13.537639918909074,14.334986696252823,14.328433161096575,13.721138903284073,13.684002204065324,15.221898454065323,12.475967223596573,12.261885075159073,12.609222438440323,10.603840680627824,10.466216442346573,10.289270993127824,9.725666969690323,11.820613707971575,11.005790836877823,9.406728258752823,9.535614450159073,8.065438063440324,7.737761305627823,4.793039508752823,5.590386286096574,3.218006292870045,3.565343656151295,0.07230941787004472,0.11818416396379472,-1.3694683165049555,-3.1323692735362054,-0.7927572227549553,-0.015071050879955293,-4.211518062598706,-4.561039670934678
12.742477653284073,8.672625010169119,11.551075997087713,13.581084723814827,6.519410271361827,5.413189447627106,2.604120523577145,2.1664157455241435,4.936484868438254,4.476827777159507,9.374054925411995,14.280459462255408,13.452837392192224,13.771240240098216,15.141015552024664,14.282478165092172,14.492966936434884,14.876341234467134,12.684052182271415,12.454559537381519,12.016265254403933,12.882850184425473,10.642817289285944,11.012517027980602,12.11545704947477,12.613049137465975,11.253550052654262,10.416793953229833,9.971724878587548,8.507580408166355,9.14530044299596,6.120604125502494,5.802720578678606,3.1621525327924878,2.77045285007907,0.8649835469490932,0.9957892692986942,-1.3198705792760346,-0.908604237675848,-2.106981757700803,-2.7426299835330497,-3.446209466500898,-4.314401740681758
10.459662907190324,11.375644344641321,11.085261002600856,10.587739212187829,3.718775891989039,1.0315857055331612,1.2693879813615687,1.3731958541065754,3.9167903095444796,6.014052391824809,8.171636602822142,10.427460163144904,14.880599319518954,14.352626591014515,15.115982750284557,15.755722652779,15.477878050436777,16.785304101053004,13.991325881490988,14.468068887512246,14.925881818023573,13.118838250272908,11.536473178822451,12.3803997320029,12.544172755961124,12.999036134014451,13.989938857874067,11.727117210812718,11.22716840555913,9.175497169606146,7.734111532919606,6.4848231408558,5.08939974136359,3.4679666486629728,2.5552752774433785,1.8694234092949884,1.4001568440069834,-0.33929169377719753,-0.13479034296401354,-1.8356193296436305,-1.6967872913537063,-2.417658959828196,-1.7490183684682976
13.319188747034074,8.890625306252838,10.23248247953756,9.931716279967231,4.593182492491747,2.253406346354555,0.5309375646012923,0.843374725337955,4.568062486037576,4.2807059511227,7.997862564647543,9.877178503904803,12.435655729518809,16.928539649100895,16.832331774494694,16.93038559661672,17.022591592237944,16.94876747850616,16.188749396437313,16.181427356105782,14.957662504271342,15.61482155526985,11.790866376190403,10.96114277921206,11.138029949722968,10.283614253715895,10.01375694844802,11.850812342842802,11.609371672426256,10.278376934718988,9.278625190806272,6.782349174531064,5.891260106633954,4.459973082055677,4.562039913285232,3.205812985486859,1.2800610474695187,0.4724112585722007,0.7833435063162598,-0.8207291255537328,-0.5054192333231481,-1.4136307327212045,-0.8852780033495745
11.276670290002823,10.787247848482112,5.77327291825377,7.639394058788273,2.8134867760975153,2.2151717939794042,2.189747721592803,3.0943687549602927,5.086818926858114,6.711936184356368,10.130299122809808,11.581481228145293,12.865325249975818,16.241547180194598,16.789837214728816,17.497799422011123,18.45438728218216,18.504501137737098,17.93188916997423,16.80420777684617,16.061110063415267,15.617519215428223,11.754396729464174,12.282356755130905,13.006525193244846,12.9747209975693,12.319615600450296,12.843410740867807,11.310987717690196,9.858881834279368,5.569408313465203,4.559781745327346,4.814777907401559,5.142428800673974,2.5962764072939,2.6396134710544894,1.065376239675856,0.48335179906600284,0.5060378292772857,-0.876616969132879,-0.7749910247135822,-1.1841611732272934,0.8044395261271196
9.740958551721574,10.303839630907314,5.450912736531171,7.1589012375425245,4.629473675105638,3.1966243191247203,3.8978362639064588,4.748873120362592,7.174496569942775,8.265267994903192,9.060220596187657,10.849367297968532,14.268026093948517,15.389397045748806,16.910501552947842,18.464345244668788,18.42882437650035,17.329190188992822,18.40952617795504,17.253639434130886,17.545015575698404,16.27611048320041,15.412852017668511,13.241201817186443,13.867531178576128,13.776591079744632,12.763353020045097,12.299000865609683,11.730317204043276,10.395933129241334,7.6874436630268494,7.8401871782546095,6.173996097533685,4.864842576130858,2.5320604931252584,1.8486033251660094,1.8742249337393013,1.6312646981706616,0.5209547920789458,0.17935574403062937,-2.0938467071533045,0.35933477790793555,1.6222185034195984
9.651393571252823,5.786197107278773,5.108137029083535,9.959564908947442,3.3118320437880557,6.522288937954211,9.624113264474786,8.924768176650593,9.951080160336831,9.769131777299616,11.151814667178135,13.2179465644683,14.22703353466932,16.663333544458798,17.105057157659502,16.81781410949654,18.14533980472073,17.438818601210453,17.335613957357317,17.393062096706263,18.485326399425077,19.014175171049764,16.02461553277002,14.701765302297925,12.969960847394088,13.021000443285555,11.604051621290957,11.425283240240084,11.858761072410013,11.474168817052878,7.856831656905839,7.197650884721945,4.754378991171064,4.571188431454407,2.4009964418885783,3.210041486243782,0.8703205234913034,1.469029478555274,1.4931266507033516,0.8395928300475287,1.0241690381795268,0.8304666833982494,-0.12775226359246
3.346892484276295,11.298529076433194,6.471831946235911,13.754779693606507,10.29776133022442,6.103686760670567,4.706816163318906,6.9957878456754505,12.592503686578084,12.749531509018771,13.53332237835528,12.359257654653678,12.6163216391765,13.804103643575639,13.969943050327595,16.67964498472033,17.056927583379053,17.29641159121842,18.318187651700033,17.049570854650707,19.607082355519953,18.44307171561043,14.879656661983654,14.907921875870718,13.582498335241793,13.233778195940593,12.7655446109823,11.799361665093684,11.101397917055777,10.652529829982782,7.321090818969931,7.26771331350706,6.114769943886541,5.804531731962974,3.1876686784908252,-0.498953839155359,0.836624673056607,1.3109759011776654,0.878387377542097,-0.6299992684820346,-0.09532742887659701,0.5625755251170431,1.5403342984462727
19.320043505096436,16.46716084532401,16.41035164266896,12.50177620062163,12.460549103705977,3.816319651070131,5.878725297190158,7.709148986687154,11.46747108531984,11.597055825909274,11.817411787267043,11.586352034137303,13.066377438321211,13.212561139847514,15.914980427307531,15.727111079814751,17.284715503273723,17.116009806405177,17.549377711972134,16.62223214826434,19.990736761238743,16.675484869550644,14.890856479508209,15.77547907497958,12.391799418787965,12.15944461282392,11.028414637572858,10.319540277697865,10.175347507105075,8.566023480571062,7.499794102675203,7.35116711100997,5.188590780186825,5.6769213655271535,-1.2117729311722847,-0.523988623438885,-0.3252690834843881,1.3329570303948113,0.3689013722871163,0.12857337132064786,0.10804809593541935,0.9185304407963798,1.492500170178742
15.698122008752824,16.2994491056196,12.146665722365087,14.569384876644174,8.589023761066008,4.992778171570353,5.97349664713122,5.700812961815127,7.868057915312856,8.560667725892825,8.595034726857717,9.821974567680174,10.566270414064146,12.877100125170037,13.884128943059116,14.236095735413702,15.849727050922924,16.0214452455271,16.4440682796111,16.672022715573817,17.628440748910787,18.06473619392199,15.072010100051576,15.428672124969149,9.84244684225976,10.321289229942916,9.154880293444611,8.895713387389142,8.395537313241816,8.17562577566914,5.709682385704774,7.414495383055253,5.0478373665574505,2.9841227693052947,-0.2755483500830611,0.6568926997359067,0.8710839394873504,0.012669126872595781,-0.3875074494183396,0.07884271250665782,0.30615603541758113,2.3721057003718085,1.5897879132146735
10.317669645471574,21.19296890966658,15.732719004455175,12.540367730273573,10.088708691862312,7.407830887542803,7.145457080211352,8.678839047425386,8.825684369242056,8.833767227945696,10.764702304284455,12.184207620544143,12.105043100754243,12.181734692209218,12.981906581660862,13.046244065813307,14.743027056264385,14.825229061185656,14.919978958216587,15.47767899432035,14.83987962510823,14.475786228710232,13.431963014549414,11.206304788397306,9.601528805513995,8.149436022377175,7.898108855146199,7.579772668156235,6.092753056637667,6.946560556696705,6.706267278613767,6.616452196379247,4.464414672450755,2.3261508088760463,1.5655896377372491,1.1305932009060602,0.22889270905898065,0.07894575883604991,-0.40002469078817054,-0.25906810641563277,-0.18232008843019784,1.9899157774780498,2.8517006338952826
11.254825172815323,18.857253236657716,13.963980831413402,10.953662186965966,6.527952433034463,9.688589643760606,9.97658697581322,10.251697347458316,10.323617111404637,11.18982724111501,10.553453148926955,10.728870208700418,11.536966239005212,11.204479709755242,12.669416962620513,12.077798211869766,12.055698540966182,12.215579049694675,12.78374599695034,12.321784404810412,13.2904412281909,11.730936906755748,12.921330761324711,10.981914618734768,6.850367923191839,6.763412139292753,5.968176828366871,5.817671945223386,5.683671074326293,5.692048998673711,4.83442194546516,4.611352736870231,2.865467619030577,1.3824409448307837,0.5232811538731833,-0.4223325656759938,-0.2037378352466829,-0.5646906544034902,-0.5269358000900111,-0.9308117096440449,-0.986283149356121,2.4440500143785573,2.485914990202309
14.363385348596573,22.893234298620367,13.855194919790389,17.587395146422637,7.368912425276185,4.467765385811535,5.849311477609595,7.091131325806638,5.855976652636803,9.657563661038127,9.81199710525157,9.49808409496121,10.143597355210826,10.000855751537475,10.187471272173507,10.254989303424797,9.66523295713191,10.165418623707982,8.620765053984647,8.437455989528106,7.1592388618908265,7.947366627582616,6.534736309311295,8.163206176020804,4.92934615095337,4.531403130672171,2.471528862668433,2.3731885914895345,2.4823348502355125,2.416210844493884,2.2137955673045484,0.3514082593782627,0.9029788346955729,-0.6891907240649919,-0.932370315270499,-1.4108013186090769,-1.9817643422987568,-0.599957926332177,-0.2058646867531561,-0.6543442731366436,1.7150820684484311,1.856668021167331,2.050024389885362
13.865316676721573,20.36379335594466,9.678587117565813,9.556494245029079,7.8630381272399505,4.978800026868921,5.5752031066617445,5.901091547150519,7.434583962494454,8.614310958540452,8.196904433236343,8.453912729251515,8.782376844265896,7.529623056578737,7.1005594389192535,6.480913275915855,6.657170163785368,6.0338845218811334,5.398390965563268,4.234985967472229,4.4614158126334,1.3975584601593358,2.0659472742347176,0.21139653962160335,-0.11204472241548584,-1.1917140996401645,-3.4512380140203525,-1.4896233830093817,-3.93874843961902,-3.413768121696827,-4.554584649407706,-3.1071655972851704,-2.842992147925992,-3.527496296839396,-4.550205486887939,-3.9725552878941786,-2.655811154007665,-2.137082050119425,-1.7826439364405087,0.17625674416629322,-0.6076061212346766,1.50489395780142,1.8723624684355975
14.922620348596574,14.49577773588458,16.52751799662416,22.494481325452487,9.305887344000865,4.857269242106055,5.802623816203489,6.0243991957735785,5.739689806372794,7.061849539905079,7.126509106218213,7.0911339991351365,6.6090722911480695,5.797486968840408,4.352868900774839,4.949491874608661,3.702583670962898,3.5377655704527267,0.8790050039650976,1.643198837871241,-1.0260237068761702,-1.5217283961098842,-4.1368450799733285,-3.731524110179206,-8.485849345273332,-8.458024845848776,-9.021936872518202,-8.505681639694508,-9.009473593217901,-11.415795851771536,-10.18343916801187,-11.340281647446623,-11.284911944090586,-10.943736626018959,-10.454382098073383,-9.282812486264381,-11.109395153717172,-8.30743303147823,-7.799237580987658,-3.05153516728027,-0.3837892336962258,-0.169256990608072,0.5634007878740015
16.231142868127822,13.87501117721105,13.292116933030728,14.976817175493167,11.0054107105456,9.602369764275018,6.895823072288123,6.687918843049839,6.9963928852712804,6.852477913806577,6.665553462090324,5.662543427689973,4.453580553531755,4.788388209594564,4.494397992969126,4.2624744755817465,2.168815525197093,1.087169954991847,-0.7715198554502818,-2.409140617283813,-4.9398751844840385,-7.019323656824249,-8.532269468571926,-10.715718501052706,-11.680443902388424,-13.031665089776082,-13.07299725339677,-13.299425466495867,-15.810139907297543,-14.949333831287571,-15.191722725592665,-15.315901929061884,-17.07954833886177,-14.859893224990097,-13.515771808897382,-13.647904671392398,-13.910042714724197,-12.961245563471929,-11.217087755285707,-8.692302424873297,-7.42364477888246,-4.644167598764604,-5.636815111082499
13.122582692346574,10.02022146092626,12.70061101071811,11.100882160258593,10.274076546775056,6.468485551050911,6.640994891134884,4.688295195421696,5.0017037126275765,5.559961495203408,5.462413247488458,6.156218897973349,5.895471595847571,5.703316932749117,3.8203043528303486,3.4281284818093662,-0.04003076157611234,0.7301797328831112,-2.8546569430264017,-2.6772629906996075,-7.510719213996559,-7.380164679077824,-12.25686485783464,-12.28144404212257,-14.59428726207668,-15.572031174499788,-16.631481199401914,-17.520972720375546,-18.514796091073716,-19.51057845652025,-19.335221831641935,-20.291020963139996,-20.606996145693735,-18.937465426256907,-19.272793993772506,-20.186920911238076,-17.631067415705083,-18.108918282438527,-14.657300411723499,-15.429343269850172,-11.62428409219688,-13.996577391880262,-12.99030877024921
9.000409079065323,10.377625897019481,11.71539661831305,9.285640937604045,8.086761835341772,5.79257740865954,4.328684330518073,2.8828086878342374,4.579218559119465,5.05920242019397,7.010244687972771,7.432814236842716,6.503425477506289,6.167396589493611,4.622398693903494,2.2315524421736197,-0.815301628438157,-0.860009026270657,-2.500288716101792,-4.797641936383112,-9.843523212644543,-10.615281345361332,-12.884837066539118,-15.712949823949549,-17.303690898534146,-17.712567789872192,-18.448292453671407,-19.545724095585282,-20.26356308464995,-19.631747830239892,-21.173519435216658,-20.792473497287087,-20.813227979940574,-20.781048499917706,-20.71546008488226,-20.96235094667099,-19.62195821855906,-19.94291134317274,-19.59014273595592,-19.47372642059129,-21.509824478794968,-22.441763276376186,-18.960567636053327
5.845974157190323,5.227660041892973,6.4105780954897025,6.984553743590325,7.627330580289892,7.358139388102739,7.268131275379295,-0.02835472821534949,-0.6530044555183654,5.295903952640306,3.7029795852064837,5.470376201700586,5.434985386206145,5.819825039876453,4.866030707919441,2.78442913526781,-0.68771903042396,-0.9611459821444122,-4.969149043127312,-4.411114452509805,-10.442461240042135,-10.507246610590913,-13.096840633418473,-15.966967446364128,-18.957141757079114,-18.784540962639255,-18.546860334199284,-19.25047704840735,-20.0775377043136,-21.551758534133,-21.393007962463038,-20.6685504191811,-18.49169677586051,-18.81154001037049,-20.44719795918409,-20.175903603621872,-20.80055578906513,-21.46811876985314,-20.188515282757496,-22.86313831044978,-22.94041710516882,-20.34613243782486,-20.834674181936744
