wind_particles_20180414.json
{"header": {"parameterCategory": 2, "parameterNumber": 3, "parameterUnit": "mph", "dx": 0.35596466064453125, "dy": 0.24983069101969402, "lo1": -107.99530029296875, "la1": 49.99544143676758, "lo2": -82.00988006591797, "la2": 35.00559997558594, "nx": 74, "ny": 61, "refTime": "2018-04-14T00:00:00Z"}, "data":
[rows 0 to 19 of 61, columns 0 to 43 of 74]
0.0,0.0,0.0,0.0,0.0,0.0,0.0,0.0,0.0,0.0,0.0,0.0,0.0,0.0,0.0,0.0,0.0,0.0,0.0,0.0,0.0,0.0,0.0,0.0,0.0,0.0,0.0,0.0,0.0,0.0,0.0,0.0,0.0,0.0,0.0,0.0,0.0,0.0,0.0,0.0,0.0,0.0,0.0,0.0
0.0,0.0,0.0,0.0,0.0,0.0,0.0,0.0,0.0,0.0,0.0,0.0,0.0,0.0,0.0,0.0,0.0,0.0,0.0,0.0,0.0,0.0,0.0,0.0,0.0,0.0,0.0,0.0,0.0,0.0,0.0,0.0,0.0,0.0,0.0,0.0,0.0,0.0,0.0,0.0,0.0,0.0,0.0,0.0
0.0,0.0,0.0,0.0,0.0,0.0,0.0,0.0,0.0,0.0,0.0,0.0,0.0,0.0,0.0,0.0,0.0,0.0,0.0,0.0,0.0,0.0,0.0,0.0,0.0,0.0,0.0,0.0,0.0,0.0,0.0,0.0,0.0,0.0,0.0,0.0,0.0,0.0,0.0,0.0,0.0,0.0,0.0,0.0
0.0,0.0,0.0,0.0,0.0,0.0,0.0,0.0,0.0,0.0,0.0,0.0,0.0,0.0,0.0,0.0,0.0,0.0,0.0,0.0,0.0,0.0,0.0,0.0,0.0,0.0,0.0,0.0,0.0,0.0,0.0,0.0,0.0,0.0,0.0,0.0,0.0,0.0,0.0,0.0,0.0,0.0,0.0,0.0
0.0,0.0,0.0,0.0,0.0,0.0,0.0,0.0,0.0,0.0,0.0,0.0,0.0,0.0,0.0,0.0,0.0,0.0,0.0,0.0,0.0,0.0,0.0,0.0,0.0,0.0,0.0,0.0,0.0,0.0,0.0,0.0,0.0,0.0,0.0,0.0,0.0,0.0,0.0,0.0,0.0,0.0,0.0,-7.6847453117370605
0.0,0.0,0.0,0.0,0.0,0.0,0.0,0.0,0.0,0.0,0.0,0.0,0.0,0.0,0.0,0.0,0.0,0.0,0.0,0.0,0.0,0.0,0.0,0.0,0.0,0.0,0.0,0.0,0.0,0.0,0.0,0.0,0.0,0.0,0.0,0.0,0.0,0.0,0.0,-4.903866767883301,-8.53451919555664,-7.2980875968933105,-7.444449424743652,-7.407312870025635
0.0,0.0,0.0,0.0,0.0,0.0,0.0,0.0,0.0,0.0,0.0,0.0,0.0,0.0,0.0,0.0,0.0,0.0,0.0,0.0,0.0,0.0,0.0,0.0,0.0,0.0,0.0,0.0,0.0,0.0,0.0,0.0,0.0,0.0,-6.240785598754883,-5.292708873748779,-4.844884872436523,-4.884206295013428,-4.83833122253418,-6.867739677429199,-8.547626495361328,-7.879166603088379,-8.449323654174805,-8.77481460571289
0.0,0.0,0.0,0.0,0.0,0.0,0.0,0.0,0.0,0.0,0.0,0.0,0.0,0.0,0.0,0.0,0.0,0.0,0.0,0.0,0.0,0.0,0.0,0.0,0.0,0.0,0.0,0.0,-1.9132750034332275,-1.8695847988128662,-3.765738010406494,-5.229358196258545,-5.168191909790039,-5.727426052093506,-6.249523639678955,-6.68642520904541,-7.09492826461792,-7.053422451019287,-7.6847453117370605,-7.623579502105713,-9.231377601623535,-10.885049819946289,-10.821699142456055,-12.514693260192871
0.0,0.0,0.0,0.0,0.0,0.0,0.0,0.0,0.0,0.0,0.0,0.0,0.0,0.0,0.0,0.0,0.0,0.0,0.0,0.0,-0.5763559937477112,-0.543588399887085,-0.45620808005332947,-2.0137624740600586,-1.7013777494430542,-3.252378463745117,-2.6429007053375244,-3.475198268890381,-3.9404985904693604,-5.8300981521606445,-5.408487796783447,-6.284475803375244,-6.743222713470459,-7.442265033721924,-6.22112512588501,-7.846399307250977,-7.774310111999512,-7.86605978012085,-8.52359676361084,-7.625763893127441,-9.548130989074707,-8.597869873046875,-10.094258308410645,-13.209366798400879
0.0,9.140336036682129,9.142520904541016,9.221162796020508,11.156637191772461,10.752503395080566,12.419282913208008,12.604966163635254,10.483808517456055,9.568499565124512,9.734522819519043,9.44398307800293,9.487672805786133,9.826272010803223,7.809970855712891,7.836184978485107,2.573704719543457,0.9440616369247437,0.954984188079834,1.0270729064941406,-0.9804900288581848,-1.7232227325439453,-1.1902028322219849,-2.9531009197235107,-3.9448676109313965,-3.901177406311035,-4.4625959396362305,-5.460916042327881,-5.421595096588135,-5.878157138824463,-5.4128570556640625,-6.636181354522705,-7.538383483886719,-7.45755672454834,-7.057791709899902,-6.789097309112549,-6.371856212615967,-8.890593528747559,-8.254901885986328,-8.549810409545898,-8.96705150604248,-8.899332046508789,-10.65786075592041,-13.229026794433594
0.0,11.217803001403809,11.086732864379883,11.875340461730957,9.096646308898926,9.085723876953125,12.417098045349121,11.611015319824219,10.540605545043945,9.568499565124512,9.607820510864258,9.10319995880127,8.264348030090332,8.054636001586914,3.655036211013794,1.4312069416046143,1.103530764579773,0.9287700653076172,0.570510745048523,0.6076474189758301,-1.1858338117599487,-3.9295759201049805,-1.192387342453003,-4.715999126434326,-5.535189628601074,-4.549976348876953,-4.836146831512451,-4.2310380935668945,-5.9152936935424805,-7.304641246795654,-5.782038688659668,-6.540063381195068,-6.505111217498779,-7.2675042152404785,-8.014606475830078,-7.9512553215026855,-7.586442470550537,-8.908069610595703,-8.914623260498047,-8.958313941955566,-9.749105453491211,-14.089723587036133,-12.59770393371582,-16.584430694580078
0.0,8.439108848571777,9.658064842224121,11.875340461730957,12.727298736572266,13.107402801513672,10.946924209594727,11.156637191772461,11.189404487609863,9.19713306427002,8.09614086151123,8.13983154296875,5.031276226043701,1.5622774362564087,1.5841225385665894,1.3591182231903076,1.1013462543487549,1.1515898704528809,-0.9193238019943237,0.7277953624725342,-0.9695674777030945,-0.9367998838424683,-2.93125581741333,-5.091734409332275,-5.054597854614258,-5.88034200668335,-4.842700481414795,-5.314554214477539,-5.139793395996094,-7.315563678741455,-7.920672416687012,-8.977973937988281,-8.628453254699707,-9.10249137878418,-8.811951637268066,-7.302456378936768,-9.281620979309082,-7.306825637817383,-9.277252197265625,-8.971421241760254,-12.30061149597168,-16.69147300720215,-12.617364883422852,-16.91647720336914
0.0,9.24300765991211,8.838873863220215,11.938691139221191,10.470701217651367,13.107402801513672,12.296950340270996,9.797873497009277,11.112947463989258,9.25174617767334,10.040353775024414,7.834000110626221,4.972294807434082,6.411885738372803,4.177133560180664,4.218639373779297,1.8266029357910156,1.0773166418075562,1.0926082134246826,-0.6244152188301086,-4.2157464027404785,-4.831778049468994,-4.390507221221924,-6.238601207733154,-6.998809814453125,-8.659035682678223,-5.587617874145508,-7.907565116882324,-7.850768089294434,-8.929915428161621,-9.862700462341309,-9.810272216796875,-10.227513313293457,-9.111228942871094,-10.275571823120117,-10.968061447143555,-9.29472827911377,-10.559557914733887,-10.653491973876953,-9.432352066040039,-11.693318367004395,-11.599384307861328,-15.79582405090332,-16.590984344482422
0.0,9.487672805786133,8.838873863220215,10.387690544128418,9.358786582946777,10.71536636352539,10.175792694091797,10.186715126037598,8.771154403686523,8.509013175964355,8.533042907714844,8.367020606994629,4.970109939575195,6.958012580871582,4.876176357269287,1.0489180088043213,1.4661591053009033,-0.1875135749578476,-4.102152347564697,-2.640716314315796,-4.602404594421387,-5.9611687660217285,-4.392691612243652,-8.72675609588623,-8.709280014038086,-8.665589332580566,-9.109045028686523,-9.59182071685791,-7.979654312133789,-9.334049224853516,-8.685250282287598,-9.563422203063965,-11.640890121459961,-10.780193328857422,-10.640384674072266,-10.579218864440918,-8.936469078063965,-10.349845886230469,-10.670968055725098,-10.148870468139648,-14.917652130126953,-16.241464614868164,-15.813300132751465,-16.195589065551758
0.0,6.0099358558654785,4.299466133117676,4.950449466705322,8.33425235748291,7.657055377960205,9.880884170532227,7.9148268699646,6.027411937713623,7.838369369506836,6.855340480804443,4.480780124664307,5.101180553436279,2.704775094985962,2.7331738471984863,0.07244289666414261,-1.8237102031707764,-1.80841863155365,-4.200455188751221,-2.6429007053375244,-5.5330047607421875,-7.175755023956299,-5.484945774078369,-7.453187465667725,-7.409497261047363,-9.569975852966309,-10.052752494812012,-10.024353981018066,-9.954449653625488,-9.663909912109375,-9.602744102478027,-10.188191413879395,-11.656181335449219,-11.262969970703125,-11.776329040527344,-10.524605751037598,-11.549139976501465,-8.473353385925293,-12.868583679199219,-16.19995880126953,-16.062334060668945,-16.333213806152344,-15.843883514404297,-15.48999309539795
0.0,4.528839588165283,4.321310997009277,5.811145782470703,8.227211952209473,5.129579067230225,5.147055149078369,6.953643321990967,6.027411937713623,4.399953365325928,4.28417444229126,4.478595733642578,4.738552093505859,5.918186664581299,3.47809100151062,-1.7931270599365234,-1.1727267503738403,-1.598705768585205,-5.294893741607666,-3.455537796020508,-5.3582444190979,-7.175755023956299,-6.450498580932617,-8.597869873046875,-10.378244400024414,-13.419079780578613,-11.311029434204102,-10.889418601989746,-12.464448928833008,-11.966381072998047,-11.370010375976562,-11.321951866149902,-12.390175819396973,-10.56611156463623,-10.507129669189453,-9.288174629211426,-9.961003303527832,-9.858330726623535,-11.929244995117188,-9.679201126098633,-13.66374397277832,-15.964031219482422,-16.06888771057129,-15.516206741333008
0.0,7.030101299285889,4.321310997009277,6.800727844238281,6.424992561340332,6.901215553283691,5.35021448135376,8.659744262695312,5.182007312774658,7.366515636444092,7.399283409118652,4.670832633972168,5.629831790924072,5.669152736663818,-0.3753812611103058,-1.7953115701675415,-1.3758859634399414,-3.2501940727233887,-5.294893741607666,-5.366982460021973,-6.2779221534729,-8.412186622619629,-10.684075355529785,-10.642569541931152,-11.140637397766113,-12.969070434570312,-12.945040702819824,-12.558382987976074,-12.468818664550781,-12.471002578735352,-14.155258178710938,-12.794309616088867,-13.904040336608887,-12.931934356689453,-12.095267295837402,-10.227513313293457,-10.046198844909668,-9.09375286102295,-9.023848533630371,-12.39236068725586,-11.367826461791992,-15.996798515319824,-15.719366073608398,-13.298931121826172
0.0,7.659239768981934,6.435914993286133,7.381807327270508,6.4228081703186035,6.545140266418457,7.578413009643555,8.659744262695312,8.61823844909668,6.116976737976074,5.4725470542907715,5.289048194885254,3.0695879459381104,-1.011073112487793,0.29307821393013,-2.424449920654297,-5.373536109924316,-5.360428810119629,-7.4182353019714355,-9.6267728805542,-9.594005584716797,-9.832117080688477,-8.09324836730957,-10.467808723449707,-14.0591402053833,-11.81564998626709,-12.2197847366333,-12.202308654785156,-14.360602378845215,-13.1176176071167,-13.049897193908691,-13.895301818847656,-13.949914932250977,-13.882195472717285,-13.66374397277832,-10.244989395141602,-11.942352294921875,-11.289183616638184,-13.336068153381348,-15.391690254211426,-15.282464981079102,-14.216424942016602,-12.842369079589844,-12.748435020446777
0.0,7.657055377960205,6.5735392570495605,7.517246723175049,7.619918346405029,8.928439140319824,8.926254272460938,5.999013423919678,4.607481956481934,4.627142429351807,5.068412780761719,5.289048194885254,-0.11542480438947678,-1.458897352218628,0.29089370369911194,-4.329340934753418,-7.955624580383301,-5.1616387367248535,-8.842535018920898,-7.2631354331970215,-9.032587051391602,-10.920001983642578,-10.882864952087402,-12.20012378692627,-14.061325073242188,-13.150384902954102,-15.181977272033691,-13.141646385192871,-15.404797554016113,-14.017634391784668,-13.388496398925781,-13.047713279724121,-14.279775619506836,-13.641899108886719,-14.447982788085938,-13.07174301147461,-13.440924644470215,-13.342621803283691,-14.0591402053833,-15.564266204833984,-14.043848991394043,-14.0372953414917,-14.646773338317871,-13.2858247756958
0.0,6.226202487945557,7.237629413604736,7.228891372680664,4.655540943145752,3.6222686767578125,8.602947235107422,4.795349597930908,4.786611557006836,5.315262317657471,3.207211971282959,5.2409892082214355,2.8030781745910645,2.829292058944702,-0.8821871280670166,-3.7373392581939697,-3.715494155883789,-8.945206642150879,-8.844718933105469,-9.779688835144043,-10.277756690979004,-11.695502281188965,-14.657695770263672,-13.897486686706543,-17.032255172729492,-15.44411849975586,-15.411351203918457,-15.044353485107422,-14.087538719177246,-14.032926559448242,-14.950419425964355,-13.056450843811035,-15.972769737243652,-14.950419425964355,-14.461090087890625,-12.717852592468262,-13.908409118652344,-12.647948265075684,-14.14870548248291,-14.301620483398438,-13.681220054626465,-14.92202091217041,-14.821533203125,-13.61786937713623
