wind_particles_20180414.json
{"header": {"parameterCategory": 2, "parameterNumber": 3, "parameterUnit": "mph", "dx": 0.35596466064453125, "dy": 0.24983069101969402, "lo1": -107.99530029296875, "la1": 49.99544143676758, "lo2": -82.00988006591797, "la2": 35.00559997558594, "nx": 74, "ny": 61, "refTime": "2018-04-14T00:00:00Z"}, "data":
[rows 20 to 39 of 61, columns 0 to 43 of 74]
0.0,4.891468048095703,5.317446708679199,5.8701276779174805,3.9980039596557617,4.006742000579834,3.600423574447632,4.795349597930908,4.0548014640808105,5.068412780761719,3.207211971282959,3.0936176776885986,0.8741573691368103,-2.9989755153656006,-2.6319782733917236,-6.465789794921875,-9.53502368927002,-9.932604789733887,-10.546451568603516,-12.00788688659668,-11.986042022705078,-14.585606575012207,-16.488313674926758,-13.89967155456543,-16.892446517944336,-16.50797462463379,-15.044353485107422,-15.142656326293945,-15.133917808532715,-15.542421340942383,-17.023517608642578,-17.09779167175293,-17.086868286132812,-17.019147872924805,-16.073257446289062,-16.114763259887695,-16.027381896972656,-12.89261245727539,-14.168365478515625,-13.244318962097168,-14.131229400634766,-14.742891311645508,-13.877825736999512,-13.775154113769531
0.0,4.611850738525391,4.596559047698975,2.5758891105651855,3.775184154510498,3.2814853191375732,3.454061508178711,5.048752307891846,2.9647316932678223,2.9778387546539307,1.0467334985733032,-2.166677951812744,-2.1513864994049072,-5.709949970245361,-2.6319782733917236,-9.705415725708008,-11.58627700805664,-9.936973571777344,-13.886564254760742,-14.758182525634766,-12.307165145874023,-14.686094284057617,-14.653326034545898,-18.192230224609375,-17.37522315979004,-17.327163696289062,-16.890262603759766,-15.147025108337402,-15.081489562988281,-17.438573837280273,-17.038808822631836,-16.184667587280273,-17.13492774963379,-16.944875717163086,-17.567461013793945,-15.782716751098633,-16.789775848388672,-15.391690254211426,-15.435379981994629,-14.609636306762695,-14.146520614624023,-13.69869613647461,-14.915467262268066,-14.43487548828125
0.0,4.292912483215332,2.639240026473999,2.6457934379577637,3.751154661178589,3.5479953289031982,3.454061508178711,2.9581780433654785,1.7588832378387451,3.1351232528686523,-0.37756577134132385,1.6649492979049683,-1.0067040920257568,-7.676007270812988,-5.273048400878906,-10.391350746154785,-10.380428314208984,-11.671472549438477,-14.061325073242188,-14.046032905578613,-15.55771255493164,-16.527633666992188,-18.42815589904785,-21.58258628845215,-17.61115074157715,-18.99612808227539,-20.284988403320312,-18.843212127685547,-17.554353713989258,-17.491003036499023,-17.650470733642578,-18.447816848754883,-18.36917495727539,-17.67013168334961,-17.58056640625,-16.7854061126709,-14.91109848022461,-15.40916633605957,-16.029565811157227,-13.735833168029785,-15.625432968139648,-13.115432739257812,-13.03679084777832,-12.953779220581055
0.0,2.0297622680664062,2.1695706844329834,2.6457934379577637,3.7074644565582275,3.700910806655884,3.3251755237579346,2.9647316932678223,2.9691007137298584,1.6343662738800049,-0.0171219352632761,-0.00838390365242958,-2.8023698329925537,-7.676007270812988,-7.0162858963012695,-11.671472549438477,-13.757678031921387,-13.060819625854492,-15.773979187011719,-16.65870475769043,-17.126190185546875,-18.751462936401367,-18.364805221557617,-21.58477020263672,-22.325319290161133,-20.520915985107422,-20.29591178894043,-19.096616744995117,-19.883039474487305,-18.830106735229492,-19.49201202392578,-18.415048599243164,-18.88471794128418,-18.6466064453125,-19.531333923339844,-18.301454544067383,-18.22499656677246,-16.099470138549805,-14.34312629699707,-13.75330924987793,-13.224658012390137,-12.453526496887207,-13.246502876281738,-11.120976448059082
0.0,2.036315679550171,2.0122861862182617,2.0581607818603516,1.7108240127563477,1.9685959815979004,0.4678388833999634,1.0511025190353394,0.4591008424758911,-0.13071635365486145,-2.656007766723633,-5.6946587562561035,-5.690289497375488,-9.751290321350098,-12.536538124084473,-12.534353256225586,-15.149209976196289,-17.63517951965332,-17.626441955566406,-18.69685173034668,-17.126190185546875,-18.567964553833008,-18.37135887145996,-18.268688201904297,-18.25994873046875,-18.22499656677246,-21.03427505493164,-21.617538452148438,-21.554187774658203,-20.365816116333008,-19.500749588012695,-20.398582458496094,-19.63837432861328,-18.66189956665039,-17.587120056152344,-18.567964553833008,-15.666937828063965,-17.091238021850586,-12.610811233520508,-13.482430458068848,-12.304980278015137,-12.2197847366333,-10.210037231445312,-11.142822265625
0.0,1.8834000825881958,-2.9443628787994385,-3.7701070308685303,-0.04988955706357956,0.3149232864379883,-0.07610365748405457,-0.07173463702201843,-1.0482097864151,-0.13071635365486145,-5.410672664642334,-8.045188903808594,-5.240281105041504,-10.096442222595215,-8.665589332580566,-12.512508392333984,-16.490497589111328,-13.263978958129883,-17.85363006591797,-17.849262237548828,-18.026206970214844,-20.804901123046875,-18.375728607177734,-21.576032638549805,-19.666772842407227,-21.689626693725586,-21.80540657043457,-22.923873901367188,-21.318260192871094,-24.98604965209961,-20.50125503540039,-17.2244930267334,-17.152402877807617,-18.622577667236328,-18.744909286499023,-18.657529830932617,-17.06283950805664,-17.108713150024414,-16.05141258239746,-14.207686424255371,-13.16567611694336,-13.565441131591797,-13.823213577270508,-11.706424713134766
0.0,-7.592996120452881,-3.363788366317749,-3.7701070308685303,-0.5872785449028015,-1.461081862449646,-0.4736841320991516,0.0527823232114315,-2.640716314315796,-0.32950660586357117,-2.8395063877105713,-2.841691017150879,-6.365302562713623,-9.508810043334961,-9.510993957519531,-12.975624084472656,-16.4926815032959,-13.95646858215332,-15.627616882324219,-20.55586814880371,-19.162151336669922,-19.49419593811035,-19.32162094116211,-19.459243774414062,-19.443952560424805,-23.86539649963379,-24.625606536865234,-24.546964645385742,-24.643081665039062,-24.996973037719727,-21.630645751953125,-20.953447341918945,-20.33304786682129,-19.25171661376953,-18.002178192138672,-19.256084442138672,-16.892446517944336,-17.849262237548828,-16.189035415649414,-14.220793724060059,-15.85043716430664,-14.465458869934082,-13.847243309020996,-13.873456954956055
0.0,-6.909245014190674,-13.279271125793457,-8.095433235168457,-4.270359039306641,-1.461081862449646,-1.395546555519104,-1.897983431816101,-2.640716314315796,-4.844884872436523,-6.0616559982299805,-9.69230842590332,-7.553675174713135,-11.754484176635742,-14.188026428222656,-13.982682228088379,-13.790445327758789,-16.98638153076172,-16.992935180664062,-17.932273864746094,-18.233736038208008,-18.543935775756836,-25.48193359375,-19.660219192504883,-19.2539005279541,-22.187694549560547,-24.649635314941406,-19.939836502075195,-19.88959312438965,-22.46731185913086,-24.055448532104492,-23.97462272644043,-22.83649444580078,-22.445466995239258,-22.364639282226562,-18.97646713256836,-16.907739639282227,-17.72256088256836,-16.226171493530273,-15.50965404510498,-14.238269805908203,-14.137782096862793,-12.785572052001953,-12.737512588500977
0.0,-2.695328950881958,-13.279271125793457,-15.31741714477539,-5.581064224243164,-4.062830924987793,-5.176929950714111,-5.181299209594727,-8.115093231201172,-13.624423027038574,-13.644083976745605,-11.201803207397461,-7.553675174713135,-13.541411399841309,-15.282464981079102,-13.982682228088379,-17.25070571899414,-16.929584503173828,-15.837329864501953,-19.223318099975586,-17.440759658813477,-18.869426727294922,-24.173412322998047,-24.15812110900879,-23.153247833251953,-22.19424819946289,-20.282804489135742,-21.8228816986084,-23.11174201965332,-22.500080108642578,-23.14887809753418,-22.620227813720703,-22.423622131347656,-22.41051483154297,-19.59686851501465,-19.50730323791504,-16.992935180664062,-15.817668914794922,-15.714997291564941,-14.63803482055664,-13.521751403808594,-14.27759075164795,-11.988226890563965,-12.750619888305664
0.0,-2.533675193786621,-10.17071533203125,-5.024014472961426,-5.581064224243164,-7.907565116882324,-4.65483283996582,-8.822874069213867,-10.196929931640625,-11.09694766998291,-14.651142120361328,-15.479070663452148,-16.848756790161133,-15.581742286682129,-15.610140800476074,-14.28632926940918,-16.12568473815918,-16.134422302246094,-18.49806022644043,-19.221132278442383,-22.386486053466797,-20.94252586364746,-21.139131546020508,-20.350522994995117,-20.33086395263672,-20.38984489440918,-23.50058364868164,-23.43941879272461,-24.254240036010742,-23.511507034301758,-23.42412567138672,-22.736005783081055,-22.436729431152344,-21.305152893066406,-19.227685928344727,-20.79616355895996,-16.811620712280273,-17.74658966064453,-16.057964324951172,-14.937312126159668,-14.836825370788574,-13.534858703613281,-12.00570297241211,-11.046703338623047
0.0,-2.494354248046875,-3.228348970413208,-4.574006080627441,-2.162308931350708,-5.7995147705078125,-5.816990852355957,-9.253222465515137,-10.194745063781738,-9.7949800491333,-10.631647109985352,-15.479070663452148,-16.095102310180664,-14.120306015014648,-15.815485000610352,-13.626607894897461,-16.23491096496582,-22.70542335510254,-22.417068481445312,-24.41370964050293,-20.603925704956055,-20.940340042114258,-22.19206428527832,-24.83531951904297,-22.790618896484375,-25.398921966552734,-20.40950584411621,-24.737016677856445,-19.312881469726562,-18.90437889099121,-19.094430923461914,-19.02889633178711,-22.812463760375977,-20.284988403320312,-20.197608947753906,-20.081829071044922,-17.657024383544922,-17.567461013793945,-15.586111068725586,-13.995789527893066,-12.682900428771973,-9.620219230651855,-10.935293197631836,-10.485284805297852
0.0,-4.606773376464844,-8.790106773376465,-8.838166236877441,-4.392691612243652,-8.46898365020752,-9.495702743530273,-10.345476150512695,-10.411011695861816,-11.223649024963379,-11.267338752746582,-8.781368255615234,-14.142151832580566,-14.135598182678223,-20.156103134155273,-13.626607894897461,-23.25592041015625,-23.68189811706543,-22.414884567260742,-25.682907104492188,-28.1164493560791,-25.50159454345703,-28.924718856811523,-28.929086685180664,-24.228025436401367,-25.320280075073242,-25.307172775268555,-20.702228546142578,-19.32380485534668,-19.85464096069336,-19.483274459838867,-19.48982810974121,-18.659713745117188,-20.16921043395996,-18.714326858520508,-19.190549850463867,-16.379087448120117,-11.97075080871582,-15.079305648803711,-11.22583293914795,-10.323631286621094,-9.639880180358887,-11.000828742980957,-10.799854278564453
0.0,-1.86521577835083,-2.870089530944824,-3.9339449405670166,-4.392691612243652,-8.00149917602539,-12.162986755371094,-10.345476150512695,-10.577033996582031,-7.938148498535156,-10.90471076965332,-9.174579620361328,-6.8458943367004395,-10.84791374206543,-21.067041397094727,-17.7487735748291,-22.272890090942383,-22.294734954833984,-23.135770797729492,-25.560575485229492,-25.591157913208008,-26.982690811157227,-27.236093521118164,-25.045032501220703,-26.556711196899414,-24.813474655151367,-20.92068099975586,-24.43555450439453,-20.42479705810547,-20.11678123474121,-20.05780029296875,-19.463613510131836,-19.721385955810547,-19.642742156982422,-17.949748992919922,-19.208024978637695,-15.70407485961914,-13.587286949157715,-15.096781730651855,-12.545275688171387,-12.462265014648438,-10.681890487670898,-10.445963859558105,-10.354214668273926
-5.827913761138916,-1.86521577835083,-3.654327869415283,-3.0885403156280518,-2.4310033321380615,-5.458731651306152,-5.487130165100098,-10.64693832397461,-12.79867935180664,-12.83363151550293,-16.018644332885742,-9.174579620361328,-10.258095741271973,-11.361272811889648,-21.064857482910156,-21.45806884765625,-23.24062728881836,-23.77364730834961,-22.299104690551758,-27.277599334716797,-28.230045318603516,-25.07779884338379,-25.07343101501465,-27.99848747253418,-26.554527282714844,-24.300113677978516,-23.73432731628418,-24.439922332763672,-23.29524040222168,-23.614179611206055,-21.497390747070312,-20.4444580078125,-20.4226131439209,-19.71046257019043,-16.872787475585938,-18.469661712646484,-16.25457000732422,-16.175928115844727,-13.08484935760498,-12.593335151672363,-10.395720481872559,-10.36076831817627,-9.967556953430176,-9.178949356079102
-2.575181007385254,-4.770611763000488,-6.834971904754639,-3.0885403156280518,-4.412352085113525,-10.740872383117676,-14.959157943725586,-15.201638221740723,-19.26700782775879,-17.65265655517578,-15.570819854736328,-12.569305419921875,-21.040828704833984,-21.062673568725586,-23.435049057006836,-24.944543838500977,-24.979496002197266,-25.180471420288086,-22.296920776367188,-28.372037887573242,-29.700218200683594,-29.383464813232422,-29.385648727416992,-24.485797882080078,-29.001174926757812,-26.64190673828125,-26.633169174194336,-24.295745849609375,-23.900348663330078,-23.871950149536133,-22.480419158935547,-20.453195571899414,-21.628461837768555,-19.773813247680664,-16.885892868041992,-17.530323028564453,-12.853291511535645,-12.543091773986816,-10.424118995666504,-10.349845886230469,-8.115093231201172,-6.529140472412109,-6.461421012878418,-6.605598449707031
-6.7148237228393555,-3.9754507541656494,-6.157774448394775,-8.224319458007812,-16.324474334716797,-16.38127326965332,-19.603422164916992,-14.679540634155273,-14.710124015808105,-17.565275192260742,-15.570819854736328,-19.02889633178711,-23.402280807495117,-20.267513275146484,-24.667112350463867,-23.710296630859375,-25.322463989257812,-30.617712020874023,-28.57082748413086,-28.212568283081055,-29.700218200683594,-28.267181396484375,-25.197946548461914,-24.48798179626465,-27.572507858276367,-26.818851470947266,-24.85716438293457,-27.37590217590332,-24.61686897277832,-22.421438217163086,-21.69618034362793,-20.964370727539062,-18.73398780822754,-18.672821044921875,-15.671307563781738,-12.24599838256836,-12.187016487121582,-9.703230857849121,-12.160802841186523,-9.801533699035645,-3.3616039752960205,-7.092743873596191,-5.583248615264893,-5.519897937774658
-1.8302637338638306,-4.884206295013428,-4.921342849731445,-10.347661018371582,-8.473353385925293,-11.057625770568848,-17.50847816467285,-13.770785331726074,-13.762046813964844,-13.794815063476562,-16.468652725219727,-17.086868286132812,-17.104345321655273,-21.318260192871094,-23.6207332611084,-23.64694595336914,-25.9428653717041,-30.617712020874023,-29.18030548095703,-29.571332931518555,-27.620567321777344,-26.711811065673828,-26.722734451293945,-28.937824249267578,-26.783899307250977,-26.781715393066406,-23.70374298095703,-27.38027000427246,-21.174083709716797,-22.390853881835938,-21.702733993530273,-20.68256950378418,-17.058469772338867,-19.67332649230957,-12.285319328308105,-16.140975952148438,-12.162986755371094,-9.7731351852417,-9.729445457458496,-5.939323425292969,-3.374711036682129,-1.8542932271957397,-1.6686100959777832,-2.1557552814483643
-1.8324482440948486,-2.452848434448242,-2.9290711879730225,-5.760193824768066,-5.801699638366699,-11.477051734924316,-17.50847816467285,-10.382613182067871,-19.43303108215332,-16.540740966796875,-17.792465209960938,-18.90219497680664,-22.46731185913086,-24.354726791381836,-24.76759910583496,-28.80893898010254,-28.83078384399414,-29.263317108154297,-28.42228126525879,-29.56914710998535,-27.712316513061523,-27.99848747253418,-28.758695602416992,-25.051584243774414,-28.398252487182617,-25.0646915435791,-23.44160270690918,-23.64694595336914,-23.876319885253906,-23.858842849731445,-22.587459564208984,-21.794483184814453,-21.77263832092285,-18.069896697998047,-12.294057846069336,-12.6785306930542,-7.197600364685059,-6.039810657501221,-1.0023350715637207,-0.9717519879341125,2.412051200866699,1.457421064376831,1.4814506769180298,3.7030954360961914
-1.8346327543258667,-3.1409685611724854,-8.63500690460205,-13.272717475891113,-11.389671325683594,-11.448653221130371,-21.36850357055664,-23.59014892578125,-23.642578125,-25.018817901611328,-25.272220611572266,-25.30280303955078,-26.84724998474121,-24.352542877197266,-26.831958770751953,-23.88068962097168,-27.638042449951172,-23.2034912109375,-26.84724998474121,-24.671480178833008,-29.335405349731445,-29.350696563720703,-29.556041717529297,-25.051584243774414,-27.91110610961914,-25.270036697387695,-23.44160270690918,-22.884553909301758,-23.55301284790039,-22.22701644897461,-21.357582092285156,-19.15996742248535,-11.319766998291016,-11.193065643310547,-7.175755023956299,-1.4152071475982666,-7.204153537750244,5.450701713562012,5.7084736824035645,0.7671164870262146,8.32332992553711,4.083199977874756,3.910623788833618,8.209735870361328
-9.720706939697266,-12.31371784210205,-8.63500690460205,-10.981167793273926,-13.630976676940918,-15.682229995727539,-25.259113311767578,-17.733482360839844,-26.362289428710938,-22.626781463623047,-25.141149520874023,-24.201810836791992,-24.228025436401367,-25.287511825561523,-25.818347930908203,-25.84893035888672,-23.179462432861328,-22.336240768432617,-22.366825103759766,-25.267850875854492,-26.628799438476562,-25.492855072021484,-25.09964370727539,-24.35909652709961,-25.824901580810547,-25.840192794799805,-23.544275283813477,-23.142324447631836,-23.151063919067383,-19.485458374023438,-21.357582092285156,-16.154083251953125,-9.146181106567383,-11.195250511169434,-2.116434335708618,7.912642478942871,-1.013257622718811,7.093451976776123,7.095636367797852,7.521615505218506,9.623112678527832,9.623112678527832,10.586480140686035,8.211919784545898
