wind_particles_20180414.json
{"header": {"parameterCategory": 2, "parameterNumber": 2, "parameterUnit": "mph", "dx": 0.35596466064453125, "dy": 0.24983069101969402, "lo1": -107.99530029296875, "la1": 49.99544143676758, "lo2": -82.00988006591797, "la2": 35.00559997558594, "nx": 74, "ny": 61, "refTime": "2018-04-14T00:00:00Z"}, "data":
[rows 40 to 59 of 61, columns 0 to 44 of 74]
7.630707740783691,6.789671897888184,9.996529579162598,14.922595977783203,14.874536514282227,15.481829643249512,23.337322235107422,23.254310607910156,6.682631015777588,4.836721897125244,5.2670698165893555,4.334284782409668,6.1015520095825195,5.586008071899414,6.868314266204834,8.238000869750977,7.6853203773498535,7.493083477020264,7.608862400054932,6.243545055389404,6.274127960205078,5.918053150177002,5.079202175140381,6.151795864105225,6.577775001525879,5.212457180023193,5.013667106628418,4.845459938049316,3.6221349239349365,5.066095352172852,2.684981107711792,3.3010122776031494,3.2289235591888428,3.4124221801757812,4.391081809997559,4.373605728149414,3.991316795349121,1.0902900695800781,2.020890474319458,3.403684139251709,2.84663462638855,3.6833012104034424,4.4828314781188965,3.226738929748535,2.4949288368225098
6.846469402313232,6.818070888519287,7.198174953460693,14.800263404846191,16.914867401123047,9.367391586303711,15.51459789276123,5.948636531829834,8.371255874633789,4.692544460296631,5.419985294342041,5.319498062133789,5.69304895401001,8.3472261428833,8.240185737609863,8.543831825256348,7.694058418273926,8.419315338134766,9.16423225402832,8.183388710021973,7.615416049957275,7.510559558868408,7.523666858673096,7.239680767059326,7.126086235046387,7.305215835571289,5.028958320617676,7.322691917419434,6.564667701721191,5.079202175140381,6.684815883636475,7.423179626464844,4.546182155609131,8.255476951599121,5.258331775665283,4.838906288146973,4.707835674285889,4.755895137786865,4.954685211181641,3.3949460983276367,5.77169132232666,5.570716381072998,4.4719085693359375,5.055172443389893,5.074833393096924
8.047948837280273,13.900245666503906,13.91553783416748,13.865293502807617,23.339506149291992,9.367391586303711,11.425198554992676,3.6112124919891357,8.373440742492676,5.566347599029541,4.286225318908691,5.808827877044678,6.490394592285156,5.039881229400635,7.073657989501953,9.625164031982422,9.271273612976074,8.91519832611084,9.166417121887207,8.788496971130371,9.513753890991211,8.980733871459961,9.79773998260498,9.144572257995605,8.908644676208496,10.09264850616455,9.151124954223633,8.937043190002441,8.85840129852295,8.683640480041504,10.097017288208008,10.062065124511719,10.52518081665039,8.259845733642578,6.545007228851318,7.060551166534424,6.016355991363525,5.845964431762695,6.344032287597656,5.8852858543396,6.090629577636719,6.132134914398193,5.878732204437256,6.320003032684326,6.372430801391602
3.102221965789795,10.4793062210083,10.193136215209961,14.363361358642578,24.47545051574707,13.341012001037598,22.981246948242188,22.90697479248047,3.4124221801757812,3.6417956352233887,3.5828139781951904,7.29210901260376,6.496947765350342,5.042065620422363,9.83269214630127,9.629532814025879,9.854537010192871,9.511569023132324,10.287069320678711,10.71741771697998,10.608192443847656,11.63491153717041,11.481995582580566,11.394615173339844,12.51089859008789,10.105755805969238,12.419149398803711,12.25968074798584,10.66062068939209,13.035181045532227,11.2307767868042,11.530055046081543,13.205572128295898,12.154824256896973,12.108949661254883,7.05399751663208,8.452082633972168,7.94964599609375,6.339663505554199,7.510559558868408,6.073153495788574,6.446704387664795,7.37075138092041,6.909820079803467,6.549376010894775
3.8886449337005615,10.4793062210083,10.064249992370605,11.790011405944824,24.47545051574707,16.233301162719727,13.96141242980957,4.594241619110107,6.306895732879639,8.683640480041504,6.936034202575684,9.754049301147461,10.4683837890625,11.381507873535156,11.265728950500488,10.280515670776367,11.907974243164062,10.409401893615723,12.366721153259277,10.60600757598877,11.018879890441895,12.893187522888184,11.785642623901367,12.161377906799316,12.073997497558594,12.672552108764648,13.083239555358887,13.008966445922852,14.158018112182617,14.031316757202148,13.99636459350586,14.841769218444824,13.205572128295898,10.959897994995117,11.418644905090332,9.186077117919922,8.137513160705566,8.1790189743042,7.766147136688232,7.912509441375732,7.9671220779418945,5.607853412628174,7.359828472137451,5.712709426879883,7.2986626625061035
4.541813373565674,10.874702453613281,11.265728950500488,11.254806518554688,19.929489135742188,14.06408405303955,13.976703643798828,8.139698028564453,6.313449382781982,9.30185604095459,11.13902759552002,9.756234169006348,10.291439056396484,9.662300109863281,10.831011772155762,11.224223136901855,9.920072555541992,10.723971366882324,11.294127464294434,11.169610977172852,11.68297004699707,12.901926040649414,12.248758316040039,13.120376586914062,14.206077575683594,13.624998092651367,14.804632186889648,14.92696475982666,14.942255973815918,15.13012409210205,14.559967994689941,14.54030704498291,14.837400436401367,10.85285758972168,11.416460037231445,9.841429710388184,10.437800407409668,9.360837936401367,9.120542526245117,8.51980209350586,8.342857360839844,8.449898719787598,8.773205757141113,5.688680171966553,5.72581672668457
4.541813373565674,9.236321449279785,7.364197731018066,11.361847877502441,22.699445724487305,18.62752342224121,12.427887916564941,12.301186561584473,9.79773998260498,9.671038627624512,9.570550918579102,7.9168782234191895,11.291943550109863,11.173979759216309,6.86176061630249,11.2307767868042,10.907469749450684,12.384197235107422,11.123736381530762,12.150455474853516,12.05652141571045,12.670368194580078,13.332273483276367,13.251446723937988,14.745650291442871,16.05854034423828,15.995189666748047,14.966285705566406,14.946625709533691,17.998384475708008,15.604162216186523,18.07484245300293,14.857060432434082,14.852691650390625,15.484014511108398,9.839245796203613,9.858905792236328,10.444354057312012,9.116172790527344,10.193136215209961,10.08172607421875,8.443345069885254,9.850168228149414,7.34890604019165,7.814206600189209
5.77169132232666,3.8274788856506348,3.7837886810302734,10.317652702331543,22.701629638671875,15.60853099822998,13.365041732788086,12.303370475769043,9.950654983520508,5.861256122589111,7.2833709716796875,5.808827877044678,6.938218593597412,6.931664943695068,6.553745269775391,8.854032516479492,10.243379592895508,12.390750885009766,12.255311012268066,13.483004570007324,12.4431791305542,14.037870407104492,12.908479690551758,13.681795120239258,15.964606285095215,14.133988380432129,16.486703872680664,16.410245895385742,16.2595157623291,17.598617553710938,17.550559997558594,18.658105850219727,15.464353561401367,15.470907211303711,15.944945335388184,11.35092544555664,11.202378273010254,12.410411834716797,10.820089340209961,10.304545402526855,10.343866348266602,10.579793930053711,6.938218593597412,6.968801975250244,7.1675920486450195
4.260011196136475,12.709689140319824,20.403528213500977,15.69809627532959,14.34807014465332,10.308915138244629,10.260855674743652,15.154153823852539,4.827983856201172,4.786478042602539,6.448888778686523,5.811012268066406,5.8852858543396,8.410576820373535,6.560298919677734,8.414946556091309,8.314458847045898,9.079036712646484,10.483675003051758,10.37663459777832,12.580802917480469,13.898061752319336,13.797574043273926,14.774049758911133,15.975528717041016,15.610715866088867,17.65541648864746,17.037199020385742,16.635250091552734,18.38941192626953,19.577783584594727,16.471412658691406,16.464859008789062,14.182047843933105,15.944945335388184,13.618444442749023,12.585171699523926,12.40822696685791,12.02375316619873,11.81840991973877,11.191455841064453,10.99266529083252,11.283205032348633,9.441664695739746,7.359828472137451
4.260011196136475,16.541316986083984,20.85572052001953,15.69809627532959,17.58332633972168,18.581647872924805,7.879741668701172,17.714397430419922,12.069628715515137,4.878227233886719,5.36318826675415,5.747661590576172,5.343527793884277,5.288915157318115,7.5542497634887695,11.191455841064453,9.896042823791504,10.638775825500488,12.019384384155273,13.23615550994873,12.327400207519531,14.212630271911621,15.824797630310059,15.737417221069336,17.369245529174805,17.201038360595703,17.150794982910156,18.116348266601562,16.652727127075195,16.613405227661133,20.510568618774414,19.427053451538086,17.211959838867188,14.802448272705078,14.39176082611084,14.035685539245605,14.050976753234863,13.308244705200195,12.812360763549805,12.845129013061523,11.923266410827637,10.979558944702148,11.59122085571289,11.842439651489258,7.355459690093994
-3.525575637817383,4.083066463470459,4.039376258850098,19.320011138916016,19.65642547607422,19.5821533203125,9.028793334960938,17.714397430419922,15.044928550720215,2.704641580581665,5.36318826675415,5.7148942947387695,6.960063934326172,10.940237998962402,11.97569465637207,11.894867897033691,12.268418312072754,11.984432220458984,11.897051811218262,12.99804401397705,12.338322639465332,14.538122177124023,16.967294692993164,15.167261123657227,16.169950485229492,17.21414566040039,17.332107543945312,18.57072639465332,17.664154052734375,16.672386169433594,20.514938354492188,17.220699310302734,19.328750610351562,14.800263404846191,15.914362907409668,14.7434663772583,12.842944145202637,12.978384017944336,12.711874008178711,10.86596393585205,11.43175220489502,12.46284008026123,11.409906387329102,11.455781936645508,9.323701858520508
1.9859384298324585,9.454771995544434,13.965781211853027,3.3468871116638184,9.120542526245117,10.204058647155762,8.349411010742188,9.581473350524902,3.8274788856506348,3.781604051589966,5.62532901763916,7.475607872009277,6.440150737762451,12.768671035766602,9.727835655212402,12.382013320922852,14.33714771270752,12.925955772399902,11.945111274719238,11.855545997619629,12.875711441040039,13.603153228759766,13.515772819519043,16.4036922454834,17.260019302368164,17.1791934967041,17.118026733398438,18.581647872924805,18.02022933959961,17.244728088378906,18.955198287963867,16.24203872680664,16.237668991088867,15.619454383850098,14.271612167358398,14.280350685119629,12.786147117614746,12.971830368041992,13.100715637207031,11.311603546142578,11.427382469177246,11.392430305480957,10.968636512756348,11.72666072845459,8.314458847045898
2.730855703353882,2.6959035396575928,4.889150142669678,3.3468871116638184,12.502161026000977,5.939898490905762,8.351594924926758,16.504179000854492,10.793875694274902,5.6996026039123535,6.846469402313232,4.4828314781188965,4.932840347290039,12.620123863220215,12.517452239990234,12.906294822692871,14.343701362609863,12.303370475769043,12.35142993927002,13.75825309753418,13.926460266113281,15.564841270446777,16.62869644165039,16.545684814453125,17.72968864440918,17.924110412597656,17.87605094909668,17.120210647583008,18.00275421142578,17.244728088378906,19.71103858947754,17.093996047973633,19.96662712097168,16.55223846435547,16.09786033630371,15.553918838500977,14.295641899108887,14.077191352844238,13.098531723022461,13.116007804870605,12.303370475769043,11.759428024291992,11.781272888183594,10.252117156982422,8.305720329284668
10.016190528869629,8.100377082824707,7.438470840454102,6.9622483253479,6.326556205749512,6.254467487335205,3.4473743438720703,4.19666051864624,4.15078592300415,8.268584251403809,6.8508381843566895,9.78900146484375,8.95888900756836,10.09264850616455,11.757243156433105,9.63171672821045,11.425198554992676,13.795390129089355,13.699271202087402,13.773544311523438,16.73792266845703,16.670202255249023,17.240358352661133,16.55223846435547,17.093996047973633,18.323875427246094,17.1791934967041,16.746660232543945,16.707338333129883,17.45880889892578,19.488218307495117,19.45545196533203,16.871177673339844,16.554424285888672,17.010986328125,12.766486167907715,14.295641899108887,12.731534004211426,13.670872688293457,12.098027229309082,12.63759994506836,13.631551742553711,10.27396297454834,11.685154914855957,7.086765289306641
11.78345775604248,10.37663459777832,7.438470840454102,9.65137767791748,5.5838236808776855,4.015346527099609,5.974850654602051,12.375459671020508,2.997365713119507,3.036686897277832,6.630202770233154,9.915702819824219,8.963257789611816,8.847478866577148,9.124911308288574,9.633901596069336,10.828827857971191,9.387052536010742,11.656756401062012,14.490063667297363,13.275476455688477,14.865798950195312,14.78060245513916,17.506868362426758,18.452762603759766,18.385042190551758,17.703474044799805,16.879915237426758,18.625337600708008,17.58332633972168,16.48015022277832,16.613405227661133,16.15028953552246,13.185912132263184,12.154824256896973,12.154824256896973,14.8898286819458,13.026442527770996,13.04391860961914,12.087103843688965,12.635416030883789,12.906294822692871,12.130794525146484,11.678601264953613,9.44603443145752
11.704814910888672,11.685154914855957,9.439480781555176,8.554754257202148,8.495773315429688,5.20590353012085,5.974850654602051,10.581977844238281,3.8995676040649414,3.036686897277832,3.705146312713623,3.8995676040649414,4.731865406036377,7.086765289306641,7.0015692710876465,7.875372409820557,8.821264266967773,8.746991157531738,10.693387985229492,14.49661636352539,13.987626075744629,15.851012229919434,18.492082595825195,17.598617553710938,19.101560592651367,18.898401260375977,17.021907806396484,16.97821807861328,18.3915958404541,17.585512161254883,16.281360626220703,16.080385208129883,16.154659271240234,12.414780616760254,11.407722473144531,12.235651016235352,12.65726089477539,11.615250587463379,12.84949779510498,10.08390998840332,12.932509422302246,13.426207542419434,12.122056007385254,13.27110767364502,9.959393501281738
11.575929641723633,12.006277084350586,12.20506763458252,9.74094295501709,11.731029510498047,5.695233345031738,5.634067058563232,6.2020392417907715,6.171456336975098,3.8689844608306885,3.19834041595459,3.90175199508667,2.6216301918029785,4.294963359832764,7.604493618011475,6.123396873474121,9.83269214630127,11.93200397491455,11.848993301391602,14.695406913757324,16.75102996826172,16.672386169433594,16.917051315307617,16.506364822387695,18.173145294189453,18.71927261352539,17.862943649291992,18.876556396484375,17.810516357421875,17.742795944213867,16.012664794921875,15.995189666748047,15.918731689453125,15.5167818069458,15.497121810913086,11.359663009643555,12.659445762634277,11.106260299682617,10.341682434082031,10.08390998840332,9.979053497314453,10.841934204101562,10.339497566223145,9.998714447021484,10.033666610717773
11.023248672485352,9.695068359375,12.20506763458252,11.276651382446289,11.674232482910156,5.695233345031738,5.457122325897217,7.619785308837891,2.658766984939575,2.252448320388794,2.213127374649048,2.4250245094299316,3.2158164978027344,3.1590192317962646,5.354450225830078,6.125581741333008,7.92780065536499,10.4793062210083,10.918392181396484,13.452422142028809,11.687339782714844,15.831351280212402,16.373109817504883,16.63088035583496,16.51291847229004,18.728010177612305,17.467548370361328,15.944945335388184,17.81707000732422,18.011491775512695,15.88159465789795,14.627687454223633,16.943265914916992,14.691038131713867,10.649698257446289,10.547025680541992,10.66062068939209,10.420324325561523,10.41377067565918,10.1647367477417,12.915033340454102,11.604328155517578,10.953344345092773,11.213300704956055,0.0
11.838069915771484,11.366216659545898,15.861934661865234,9.000393867492676,8.952335357666016,9.35646915435791,6.001064777374268,9.354284286499023,2.3966259956359863,3.4364519119262695,2.151961088180542,0.5135799646377563,1.4114128351211548,2.0842413902282715,2.0427355766296387,2.805129051208496,6.022909641265869,5.957374572753906,7.958384037017822,10.42250919342041,10.363527297973633,17.19448471069336,16.375293731689453,17.40201187133789,16.947635650634766,16.263883590698242,17.15953254699707,17.115842819213867,14.234476089477539,15.123570442199707,15.097356796264648,12.486868858337402,16.952003479003906,13.050472259521484,10.826642990112305,10.549210548400879,14.638609886169434,12.532744407653809,0.0,0.0,0.0,0.0,0.0,0.0,0.0
15.385711669921875,11.366216659545898,9.25379753112793,13.319167137145996,8.659610748291016,10.695572853088379,9.769341468811035,9.913518905639648,4.624824523925781,4.60297966003418,1.271604299545288,0.5157644748687744,0.6359124183654785,0.795381486415863,5.293283939361572,0.6686800122261047,7.521482467651367,9.321516990661621,8.63121223449707,13.933013916015625,15.599793434143066,17.1988525390625,15.542996406555176,16.35126495361328,16.95637321472168,15.623823165893555,14.7325439453125,16.6964168548584,13.891508102416992,14.553414344787598,14.431081771850586,0.0,0.0,0.0,0.0,0.0,0.0,0.0,0.0,0.0,0.0,0.0,0.0,0.0,0.0
