jetstream/jetstream_250mb_20180414_18Z.json
{"header": {"parameterCategory": 2, "parameterNumber": 2, "parameterNumberName": "eastward_wind", "parameterUnit": "m/s", "nx": 62, "ny": 57, "lo1": 5713486.0, "la1": 4966839.0, "dx": 32462.991803278688, "dy": 32463.0, "refTime": "2018-04-14T18:00:00Z"}, "data":
[rows 38 to 56 of 57, columns 0 to 41 of 62]
0.1455535888671875,-1.0731964111328125,-1.2450714111328125,-1.3700714111328125,-2.7450714111328125,-2.7138214111328125,-2.8231964111328125,-4.1044464111328125,-4.0888214111328125,-3.3544464111328125,-2.8231964111328125,-3.1200714111328125,-3.1981964111328125,-3.5575714111328125,-3.6356964111328125,-3.4638214111328125,-3.9013214111328125,-5.5263214111328125,-5.5575714111328125,-6.4169464111328125,-4.9481964111328125,-4.9794464111328125,-7.6200714111328125,-9.088821411132812,-9.651321411132812,-10.213821411132812,-10.541946411132812,-11.026321411132812,-9.432571411132812,-10.198196411132812,-11.870071411132812,-11.885696411132812,-15.463821411132812,-15.495071411132812,-15.807571411132812,-13.713821411132812,-14.651321411132812,-13.416946411132812,-11.635696411132812,-11.260696411132812,-11.401321411132812,-10.979446411132812
-1.0888214111328125,-1.0419464111328125,-1.7606964111328125,-2.9481964111328125,-3.9794464111328125,-3.5888214111328125,-3.9481964111328125,-3.9481964111328125,-3.8388214111328125,-3.2450714111328125,-2.8231964111328125,-2.5575714111328125,-3.2763214111328125,-3.5575714111328125,-3.5106964111328125,-3.9638214111328125,-4.5263214111328125,-5.0263214111328125,-5.9794464111328125,-6.4169464111328125,-6.3388214111328125,-5.2919464111328125,-8.120071411132812,-9.104446411132812,-9.338821411132812,-10.135696411132812,-10.166946411132812,-9.010696411132812,-9.432571411132812,-9.479446411132812,-12.604446411132812,-13.635696411132812,-13.666946411132812,-15.229446411132812,-16.416946411132812,-15.870071411132812,-14.666946411132812,-16.135696411132812,-13.338821411132812,-13.354446411132812,-11.010696411132812,-10.916946411132812
-0.6356964111328125,-1.1356964111328125,-2.6825714111328125,-2.9481964111328125,-3.6513214111328125,-3.9638214111328125,-3.9481964111328125,-3.9638214111328125,-3.3388214111328125,-3.3231964111328125,-2.7606964111328125,-3.0575714111328125,-3.0575714111328125,-3.7450714111328125,-4.0106964111328125,-3.9794464111328125,-4.5263214111328125,-5.1356964111328125,-6.1981964111328125,-6.2294464111328125,-4.5731964111328125,-7.5731964111328125,-7.6200714111328125,-8.541946411132812,-9.713821411132812,-9.760696411132812,-8.807571411132812,-9.729446411132812,-9.760696411132812,-11.635696411132812,-11.385696411132812,-12.026321411132812,-10.682571411132812,-13.807571411132812,-16.463821411132812,-16.510696411132812,-15.307571411132812,-15.698196411132812,-15.885696411132812,-12.698196411132812,-13.416946411132812,-11.385696411132812
-1.0575714111328125,-2.1825714111328125,-2.1200714111328125,-3.3231964111328125,-3.4950714111328125,-3.4481964111328125,-3.6981964111328125,-3.8075714111328125,-3.4638214111328125,-3.0106964111328125,-2.9794464111328125,-3.1200714111328125,-3.2606964111328125,-3.7606964111328125,-4.0263214111328125,-3.8856964111328125,-4.6981964111328125,-4.9950714111328125,-5.6513214111328125,-5.4013214111328125,-5.9013214111328125,-6.9794464111328125,-7.9013214111328125,-8.213821411132812,-9.057571411132812,-8.854446411132812,-9.370071411132812,-9.745071411132812,-9.932571411132812,-9.838821411132812,-9.870071411132812,-10.932571411132812,-12.385696411132812,-11.745071411132812,-13.698196411132812,-14.823196411132812,-15.166946411132812,-15.713821411132812,-15.135696411132812,-15.198196411132812,-13.432571411132812,-13.588821411132812
0.0205535888671875,-0.8075714111328125,-2.5263214111328125,-3.9325714111328125,-3.2138214111328125,-3.6513214111328125,-4.4325714111328125,-3.8075714111328125,-4.8856964111328125,-4.1669464111328125,-4.1356964111328125,-2.7763214111328125,-3.2450714111328125,-3.2294464111328125,-3.7606964111328125,-4.1044464111328125,-4.4013214111328125,-4.9950714111328125,-5.4794464111328125,-4.8856964111328125,-5.9169464111328125,-6.2606964111328125,-7.6981964111328125,-7.7294464111328125,-8.401321411132812,-8.885696411132812,-8.916946411132812,-9.495071411132812,-9.541946411132812,-9.666946411132812,-11.010696411132812,-10.885696411132812,-11.104446411132812,-11.760696411132812,-11.260696411132812,-12.526321411132812,-12.557571411132812,-14.385696411132812,-14.135696411132812,-14.166946411132812,-13.666946411132812,-12.620071411132812
0.0205535888671875,-1.3700714111328125,-4.1669464111328125,-4.1200714111328125,-3.9169464111328125,-5.0731964111328125,-5.0263214111328125,-5.4950714111328125,-4.4638214111328125,-4.4481964111328125,-2.6200714111328125,-1.5731964111328125,-2.7606964111328125,-3.2606964111328125,-3.4794464111328125,-3.9013214111328125,-3.9013214111328125,-4.8856964111328125,-4.5731964111328125,-4.5888214111328125,-5.6513214111328125,-5.5263214111328125,-6.2763214111328125,-8.010696411132812,-8.088821411132812,-8.479446411132812,-8.963821411132812,-8.979446411132812,-9.541946411132812,-9.432571411132812,-9.948196411132812,-10.901321411132812,-9.057571411132812,-10.682571411132812,-10.541946411132812,-11.026321411132812,-11.354446411132812,-11.432571411132812,-13.760696411132812,-12.401321411132812,-12.416946411132812,-12.620071411132812
-1.3231964111328125,-3.9950714111328125,-4.1513214111328125,-4.2919464111328125,-5.9325714111328125,-5.2606964111328125,-5.3544464111328125,-4.2606964111328125,-4.5419464111328125,-3.6356964111328125,-2.0575714111328125,-1.5731964111328125,-2.4013214111328125,-3.1513214111328125,-3.1356964111328125,-3.6825714111328125,-4.2450714111328125,-4.3231964111328125,-4.5888214111328125,-4.9013214111328125,-4.9794464111328125,-5.5263214111328125,-6.7294464111328125,-7.5731964111328125,-8.104446411132812,-6.1200714111328125,-8.354446411132812,-8.370071411132812,-8.870071411132812,-9.073196411132812,-9.088821411132812,-8.776321411132812,-10.057571411132812,-9.979446411132812,-10.557571411132812,-9.823196411132812,-9.745071411132812,-11.448196411132812,-10.057571411132812,-11.838821411132812,-11.854446411132812,-11.682571411132812
-2.9013214111328125,-3.9950714111328125,-4.3075714111328125,-6.7919464111328125,-5.9325714111328125,-5.3700714111328125,-4.0575714111328125,-3.9950714111328125,-3.5263214111328125,-2.8231964111328125,-2.7763214111328125,-2.5575714111328125,-2.6669464111328125,-2.7919464111328125,-3.3388214111328125,-2.8544464111328125,-3.9013214111328125,-4.3231964111328125,-4.0731964111328125,-4.6356964111328125,-4.6513214111328125,-5.8856964111328125,-6.7294464111328125,-6.7450714111328125,-6.0731964111328125,-6.1669464111328125,-7.7606964111328125,-8.245071411132812,-8.026321411132812,-8.495071411132812,-7.5731964111328125,-9.495071411132812,-10.057571411132812,-9.573196411132812,-9.620071411132812,-9.370071411132812,-9.385696411132812,-9.245071411132812,-8.979446411132812,-10.057571411132812,-10.979446411132812,-10.260696411132812
-1.9638214111328125,-3.7606964111328125,-6.7294464111328125,-6.6825714111328125,-5.6356964111328125,-4.2450714111328125,-3.7919464111328125,-3.2450714111328125,-2.8856964111328125,-2.8075714111328125,-3.1513214111328125,-2.7138214111328125,-2.6669464111328125,-2.5888214111328125,-2.6513214111328125,-3.3075714111328125,-3.2919464111328125,-3.8700714111328125,-3.9638214111328125,-4.3231964111328125,-4.9794464111328125,-4.8544464111328125,-5.8700714111328125,-5.8231964111328125,-6.4481964111328125,-6.1825714111328125,-7.1825714111328125,-7.5575714111328125,-8.026321411132812,-7.1513214111328125,-8.823196411132812,-8.854446411132812,-9.041946411132812,-9.245071411132812,-9.010696411132812,-9.291946411132812,-9.026321411132812,-8.807571411132812,-8.979446411132812,-8.479446411132812,-8.260696411132812,-10.260696411132812
-3.3544464111328125,-5.4169464111328125,-6.1825714111328125,-5.5419464111328125,-4.6981964111328125,-4.2294464111328125,-3.4950714111328125,-3.1356964111328125,-2.8856964111328125,-3.5888214111328125,-2.6825714111328125,-2.6356964111328125,-2.2450714111328125,-2.4950714111328125,-2.4794464111328125,-2.5419464111328125,-3.1825714111328125,-3.7294464111328125,-3.9638214111328125,-4.1200714111328125,-4.4638214111328125,-4.8700714111328125,-4.7763214111328125,-5.8231964111328125,-5.8388214111328125,-6.4638214111328125,-7.0263214111328125,-7.0419464111328125,-7.1200714111328125,-7.2450714111328125,-8.151321411132812,-8.557571411132812,-8.245071411132812,-8.573196411132812,-8.604446411132812,-8.807571411132812,-8.807571411132812,-8.838821411132812,-8.385696411132812,-8.166946411132812,-8.182571411132812,-9.666946411132812
-4.6513214111328125,-5.4169464111328125,-4.0575714111328125,-5.4325714111328125,-5.3700714111328125,-4.2919464111328125,-3.1825714111328125,-3.1356964111328125,-3.3231964111328125,-4.1669464111328125,-3.1669464111328125,-1.9794464111328125,-1.5419464111328125,-1.9325714111328125,-1.8231964111328125,-2.8856964111328125,-3.4638214111328125,-3.4481964111328125,-3.8388214111328125,-4.0731964111328125,-4.0731964111328125,-4.3231964111328125,-4.1200714111328125,-4.6669464111328125,-5.9013214111328125,-5.6981964111328125,-6.4013214111328125,-6.3075714111328125,-6.7763214111328125,-7.2450714111328125,-7.2763214111328125,-6.7763214111328125,-8.120071411132812,-8.135696411132812,-8.385696411132812,-8.213821411132812,-8.776321411132812,-8.463821411132812,-6.0263214111328125,-7.8075714111328125,-7.9950714111328125,-8.526321411132812
-4.3231964111328125,-4.6669464111328125,-4.4638214111328125,-4.6825714111328125,-4.9794464111328125,-4.4481964111328125,-3.8388214111328125,-3.1981964111328125,-4.5575714111328125,-4.1669464111328125,-2.4481964111328125,-0.8388214111328125,-1.5419464111328125,-1.5731964111328125,-3.0731964111328125,-2.9325714111328125,-2.9169464111328125,-3.4638214111328125,-3.6356964111328125,-3.9481964111328125,-3.2450714111328125,-3.6200714111328125,-4.1200714111328125,-4.5575714111328125,-5.0263214111328125,-5.0263214111328125,-5.6200714111328125,-6.1669464111328125,-6.1825714111328125,-6.6200714111328125,-6.7294464111328125,-6.7450714111328125,-7.5575714111328125,-7.4325714111328125,-7.5106964111328125,-8.229446411132812,-7.7606964111328125,-6.4169464111328125,-6.4325714111328125,-7.4950714111328125,-8.151321411132812,-8.182571411132812
-4.3231964111328125,-4.5263214111328125,-4.4638214111328125,-4.4794464111328125,-4.9794464111328125,-4.4481964111328125,-3.9794464111328125,-3.3544464111328125,-3.2919464111328125,-2.5106964111328125,-1.6981964111328125,-1.6513214111328125,-1.1825714111328125,-2.0575714111328125,-2.5106964111328125,-2.9325714111328125,-2.6044464111328125,-3.0106964111328125,-2.9794464111328125,-3.3856964111328125,-2.9638214111328125,-2.9638214111328125,-3.8075714111328125,-4.3700714111328125,-4.3856964111328125,-4.9013214111328125,-4.7919464111328125,-5.5106964111328125,-6.0575714111328125,-5.9013214111328125,-6.5263214111328125,-6.2919464111328125,-6.7450714111328125,-6.5731964111328125,-6.5731964111328125,-7.2919464111328125,-6.3856964111328125,-6.7138214111328125,-5.9481964111328125,-6.9794464111328125,-7.5888214111328125,-7.0263214111328125
-4.3856964111328125,-4.3231964111328125,-4.2763214111328125,-4.8700714111328125,-4.7919464111328125,-4.3544464111328125,-3.5888214111328125,-3.0419464111328125,-2.2294464111328125,-1.6981964111328125,-1.9013214111328125,-1.5419464111328125,-1.1044464111328125,-2.0575714111328125,-2.1825714111328125,-2.3856964111328125,-2.6356964111328125,-2.6044464111328125,-2.9950714111328125,-2.6669464111328125,-2.7450714111328125,-2.9325714111328125,-2.9638214111328125,-3.7606964111328125,-3.6200714111328125,-4.1044464111328125,-4.7919464111328125,-4.7138214111328125,-5.2763214111328125,-5.2919464111328125,-5.6669464111328125,-5.9794464111328125,-5.6044464111328125,-6.2450714111328125,-6.6200714111328125,-6.0731964111328125,-6.3856964111328125,-6.0731964111328125,-6.4013214111328125,-6.9794464111328125,-6.8856964111328125,-6.6356964111328125
-4.2919464111328125,-4.2450714111328125,-3.9638214111328125,-3.4325714111328125,-3.3856964111328125,-3.8700714111328125,-3.5888214111328125,-3.1669464111328125,-0.7294464111328125,-0.6825714111328125,-1.1981964111328125,-0.8544464111328125,-0.8075714111328125,-1.3856964111328125,-1.8856964111328125,-1.9794464111328125,-2.3075714111328125,-2.1981964111328125,-2.2763214111328125,-2.6669464111328125,-2.5263214111328125,-2.7763214111328125,-2.7606964111328125,-2.9638214111328125,-3.5731964111328125,-3.5731964111328125,-4.0263214111328125,-4.6669464111328125,-4.6669464111328125,-5.0888214111328125,-4.9950714111328125,-4.9638214111328125,-5.6044464111328125,-5.2450714111328125,-5.4950714111328125,-5.5106964111328125,-5.6200714111328125,-5.8388214111328125,-5.8544464111328125,-6.3544464111328125,-5.3856964111328125,-5.6825714111328125
-4.3075714111328125,-3.9638214111328125,-3.8856964111328125,-3.8700714111328125,-3.6200714111328125,-3.5575714111328125,-3.8075714111328125,-1.8388214111328125,-1.7763214111328125,-0.4481964111328125,-0.4481964111328125,-0.5106964111328125,-1.9325714111328125,-2.9481964111328125,-2.0263214111328125,-1.9794464111328125,-2.0106964111328125,-2.0888214111328125,-2.0731964111328125,-2.3231964111328125,-2.3544464111328125,-2.4950714111328125,-2.7919464111328125,-2.6981964111328125,-3.0106964111328125,-3.2919464111328125,-3.2763214111328125,-4.0575714111328125,-3.9325714111328125,-4.4325714111328125,-4.9950714111328125,-4.1981964111328125,-4.7450714111328125,-3.9169464111328125,-4.8856964111328125,-5.1825714111328125,-4.9325714111328125,-5.3388214111328125,-5.7138214111328125,-5.3231964111328125,-5.4013214111328125,-5.0888214111328125
-3.9950714111328125,-3.9325714111328125,-3.7606964111328125,-3.8388214111328125,-3.8231964111328125,-3.8388214111328125,-2.7919464111328125,-2.3856964111328125,-1.6200714111328125,-0.9638214111328125,-0.4481964111328125,-1.7919464111328125,-3.4013214111328125,-3.3544464111328125,-2.4325714111328125,-1.7450714111328125,-2.2606964111328125,-2.6356964111328125,-1.8388214111328125,-2.2606964111328125,-2.3388214111328125,-2.2763214111328125,-2.3700714111328125,-2.6981964111328125,-2.5419464111328125,-2.8544464111328125,-2.8388214111328125,-3.3231964111328125,-3.7138214111328125,-3.7138214111328125,-4.1200714111328125,-3.5731964111328125,-3.2294464111328125,-3.9169464111328125,-4.1200714111328125,-4.5419464111328125,-4.9325714111328125,-4.6669464111328125,-4.8075714111328125,-4.8231964111328125,-4.4481964111328125,-4.8544464111328125
-3.7138214111328125,-3.7606964111328125,-3.8231964111328125,-3.8231964111328125,-3.7919464111328125,-3.5263214111328125,-3.4481964111328125,-2.1356964111328125,-1.2294464111328125,-1.1825714111328125,-1.1200714111328125,-3.9950714111328125,-3.5731964111328125,-2.7606964111328125,-2.5731964111328125,-2.3075714111328125,-2.2606964111328125,-2.3856964111328125,-2.3388214111328125,-2.3231964111328125,-2.1669464111328125,-1.9013214111328125,-1.8856964111328125,-2.1200714111328125,-1.7763214111328125,-2.3388214111328125,-2.6825714111328125,-2.5731964111328125,-3.0731964111328125,-3.5419464111328125,-3.2138214111328125,-3.1669464111328125,-3.1825714111328125,-3.5575714111328125,-4.0419464111328125,-4.0419464111328125,-3.8700714111328125,-3.6200714111328125,-4.1044464111328125,-4.0575714111328125,-4.0888214111328125,-4.4638214111328125
-3.5106964111328125,-4.7763214111328125,-4.7294464111328125,-4.1200714111328125,-3.9481964111328125,-3.2763214111328125,-3.5106964111328125,-2.5575714111328125,-1.4169464111328125,-1.2450714111328125,-4.5106964111328125,-3.9950714111328125,-3.5575714111328125,-2.7294464111328125,-2.5419464111328125,-2.5106964111328125,-2.2138214111328125,-2.2606964111328125,-2.3544464111328125,-1.8700714111328125,-1.6981964111328125,-1.9013214111328125,-1.3856964111328125,-1.4325714111328125,-1.7763214111328125,-1.6044464111328125,-2.0106964111328125,-2.5575714111328125,-2.0888214111328125,-2.5731964111328125,-2.5575714111328125,-2.9638214111328125,-2.9169464111328125,-2.8388214111328125,-3.4794464111328125,-2.9638214111328125,-3.1825714111328125,-3.6200714111328125,-3.3544464111328125,-3.5419464111328125,-4.1044464111328125,-3.4794464111328125
