jetstream/jetstream_250mb_20180414_18Z.json
{"header": {"parameterCategory": 2, "parameterNumber": 2, "parameterNumberName": "eastward_wind", "parameterUnit": "m/s", "nx": 62, "ny": 57, "lo1": 5713486.0, "la1": 4966839.0, "dx": 32462.991803278688, "dy": 32463.0, "refTime": "2018-04-14T18:00:00Z"}, "data":
[rows 0 to 18 of 57, columns 0 to 41 of 62]
0.2705535888671875,2.3486785888671875,3.7861785888671875,5.0205535888671875,1.5518035888671875,1.8955535888671875,3.9424285888671875,5.6611785888671875,6.0361785888671875,5.9580535888671875,6.3486785888671875,6.1143035888671875,6.4736785888671875,8.051803588867188,8.317428588867188,8.067428588867188,9.770553588867188,9.708053588867188,10.286178588867188,10.333053588867188,10.301803588867188,9.958053588867188,9.208053588867188,9.833053588867188,10.614303588867188,11.645553588867188,10.583053588867188,10.504928588867188,11.379928588867188,8.958053588867188,8.958053588867188,10.395553588867188,9.895553588867188,9.895553588867188,8.520553588867188,8.176803588867188,7.5674285888671875,6.6299285888671875,5.3799285888671875,4.5049285888671875,4.5049285888671875,4.9268035888671875
1.7705535888671875,0.4736785888671875,5.4736785888671875,5.4424285888671875,3.6924285888671875,3.3018035888671875,4.5518035888671875,5.6611785888671875,6.1299285888671875,6.2549285888671875,6.3486785888671875,7.2705535888671875,7.0361785888671875,6.9736785888671875,8.801803588867188,8.333053588867188,8.286178588867188,9.317428588867188,8.942428588867188,9.723678588867188,8.833053588867188,8.833053588867188,9.004928588867188,8.973678588867188,10.833053588867188,12.473678588867188,12.442428588867188,10.817428588867188,10.879928588867188,11.520553588867188,9.161178588867188,10.848678588867188,10.754928588867188,9.270553588867188,8.458053588867188,8.176803588867188,7.7549285888671875,6.2549285888671875,5.3799285888671875,4.7236785888671875,4.3330535888671875,4.1143035888671875
3.1299285888671875,2.6143035888671875,4.3799285888671875,6.0205535888671875,2.9580535888671875,3.3018035888671875,2.9424285888671875,5.0361785888671875,7.0674285888671875,6.9893035888671875,7.3643035888671875,7.6455535888671875,7.3174285888671875,7.3174285888671875,7.8799285888671875,8.973678588867188,7.7861785888671875,9.645553588867188,8.942428588867188,8.676803588867188,8.770553588867188,8.739303588867188,9.333053588867188,9.473678588867188,10.254928588867188,11.551803588867188,12.708053588867188,12.911178588867188,10.879928588867188,10.895553588867188,10.864303588867188,10.848678588867188,9.911178588867188,9.192428588867188,9.192428588867188,7.3799285888671875,7.1924285888671875,7.1924285888671875,5.9111785888671875,5.0986785888671875,4.9893035888671875,4.1143035888671875
2.9111785888671875,2.6143035888671875,4.8955535888671875,3.3174285888671875,3.2861785888671875,1.5049285888671875,2.5049285888671875,3.8018035888671875,6.6455535888671875,6.5986785888671875,6.9268035888671875,7.6455535888671875,7.5830535888671875,6.8018035888671875,6.7393035888671875,8.364303588867188,8.020553588867188,7.9736785888671875,9.176803588867188,9.129928588867188,9.083053588867188,9.442428588867188,10.426803588867188,9.708053588867188,10.239303588867188,11.489303588867188,12.395553588867188,12.379928588867188,10.958053588867188,11.083053588867188,11.083053588867188,10.098678588867188,9.614303588867188,10.067428588867188,8.098678588867188,6.6768035888671875,7.0205535888671875,7.5986785888671875,6.1611785888671875,5.0986785888671875,4.8486785888671875,4.2080535888671875
5.5518035888671875,3.8486785888671875,4.4111785888671875,5.6143035888671875,0.3018035888671875,1.6143035888671875,2.3330535888671875,2.3643035888671875,4.7393035888671875,6.1768035888671875,6.1143035888671875,6.1143035888671875,7.2080535888671875,7.1455535888671875,6.6611785888671875,7.4736785888671875,7.0361785888671875,8.411178588867188,7.9111785888671875,8.629928588867188,9.161178588867188,9.598678588867188,10.426803588867188,10.551803588867188,10.504928588867188,12.520553588867188,13.254928588867188,12.254928588867188,12.379928588867188,10.973678588867188,10.723678588867188,9.848678588867188,9.614303588867188,9.536178588867188,7.5049285888671875,6.6768035888671875,7.3643035888671875,6.3955535888671875,6.4111785888671875,4.7549285888671875,4.6143035888671875,4.6299285888671875
4.8799285888671875,2.0049285888671875,4.4111785888671875,5.7705535888671875,0.8018035888671875,1.6143035888671875,2.2705535888671875,2.3799285888671875,2.3174285888671875,4.8643035888671875,5.6768035888671875,4.7705535888671875,5.0518035888671875,5.2080535888671875,6.5049285888671875,7.4736785888671875,6.6924285888671875,6.7549285888671875,6.6924285888671875,8.161178588867188,9.348678588867188,9.301803588867188,9.520553588867188,11.426803588867188,11.395553588867188,12.504928588867188,13.083053588867188,12.083053588867188,12.379928588867188,10.864303588867188,10.489303588867188,10.489303588867188,9.426803588867188,8.301803588867188,8.317428588867188,7.1924285888671875,6.5361785888671875,6.5986785888671875,5.3486785888671875,2.8330535888671875,3.8799285888671875,3.5986785888671875
3.7393035888671875,3.7236785888671875,3.4424285888671875,5.7236785888671875,5.6768035888671875,1.2393035888671875,2.5674285888671875,2.6299285888671875,2.9268035888671875,3.1455535888671875,5.0518035888671875,4.9736785888671875,4.6299285888671875,6.3174285888671875,6.2393035888671875,6.9580535888671875,7.0986785888671875,7.0361785888671875,7.2080535888671875,7.0674285888671875,8.411178588867188,10.004928588867188,9.067428588867188,9.973678588867188,10.958053588867188,12.223678588867188,13.661178588867188,13.629928588867188,12.286178588867188,12.083053588867188,10.614303588867188,9.629928588867188,8.567428588867188,8.442428588867188,7.3486785888671875,6.6299285888671875,6.5361785888671875,5.8486785888671875,3.8330535888671875,2.8330535888671875,3.1455535888671875,2.4111785888671875
7.0986785888671875,4.2861785888671875,3.2549285888671875,4.5518035888671875,4.8643035888671875,1.8955535888671875,2.5674285888671875,3.3486785888671875,3.1924285888671875,3.1455535888671875,3.1299285888671875,5.3018035888671875,6.3486785888671875,5.2393035888671875,6.7080535888671875,6.1143035888671875,6.9580535888671875,5.7861785888671875,6.9268035888671875,7.0674285888671875,7.4111785888671875,9.504928588867188,9.458053588867188,10.051803588867188,11.692428588867188,11.645553588867188,13.239303588867188,12.098678588867188,12.301803588867188,12.083053588867188,11.239303588867188,8.411178588867188,8.583053588867188,7.3174285888671875,6.4893035888671875,6.5049285888671875,5.8643035888671875,4.8486785888671875,4.8799285888671875,3.3799285888671875,2.5986785888671875,2.4736785888671875
9.458053588867188,5.3174285888671875,3.2549285888671875,2.5986785888671875,3.8174285888671875,3.7393035888671875,3.8018035888671875,5.0361785888671875,4.9424285888671875,3.4736785888671875,4.5049285888671875,5.6299285888671875,6.3330535888671875,5.5205535888671875,5.4580535888671875,5.3955535888671875,5.4893035888671875,5.3643035888671875,5.3018035888671875,6.3330535888671875,8.489303588867188,8.426803588867188,9.770553588867188,9.067428588867188,11.333053588867188,12.629928588867188,12.879928588867188,12.020553588867188,12.004928588867188,11.754928588867188,8.286178588867188,8.286178588867188,7.3018035888671875,5.8018035888671875,6.1455535888671875,5.5361785888671875,5.2705535888671875,5.1455535888671875,3.7549285888671875,3.1143035888671875,2.5986785888671875,1.9736785888671875
8.473678588867188,8.458053588867188,3.4268035888671875,1.4268035888671875,3.2705535888671875,3.6768035888671875,4.2393035888671875,4.7080535888671875,4.0674285888671875,5.1768035888671875,4.5049285888671875,4.3018035888671875,5.5674285888671875,5.8330535888671875,5.7549285888671875,5.7705535888671875,5.8174285888671875,5.7705535888671875,6.3799285888671875,6.6299285888671875,7.2549285888671875,8.161178588867188,9.379928588867188,9.067428588867188,9.426803588867188,12.395553588867188,12.348678588867188,11.989303588867188,12.192428588867188,9.817428588867188,8.958053588867188,7.9580535888671875,6.2080535888671875,5.8018035888671875,4.9893035888671875,4.6768035888671875,5.2705535888671875,4.6455535888671875,3.0674285888671875,3.0986785888671875,3.2393035888671875,1.3486785888671875
7.8330535888671875,9.145553588867188,3.2861785888671875,1.4268035888671875,1.7705535888671875,3.6611785888671875,4.2393035888671875,3.8174285888671875,4.9580535888671875,4.8799285888671875,5.3018035888671875,4.3799285888671875,5.4893035888671875,5.8643035888671875,5.6611785888671875,4.9580535888671875,5.8018035888671875,5.3486785888671875,5.5205535888671875,5.4580535888671875,6.9736785888671875,8.551803588867188,8.489303588867188,9.817428588867188,10.567428588867188,10.536178588867188,12.098678588867188,11.598678588867188,11.239303588867188,9.817428588867188,8.301803588867188,6.4736785888671875,6.5049285888671875,5.1768035888671875,4.8955535888671875,4.9268035888671875,4.8799285888671875,3.5674285888671875,2.5205535888671875,3.5205535888671875,3.7861785888671875,3.0361785888671875
9.364303588867188,6.5361785888671875,6.5205535888671875,0.6924285888671875,3.2861785888671875,3.2236785888671875,2.9111785888671875,1.8174285888671875,4.5518035888671875,4.6143035888671875,4.0049285888671875,4.5205535888671875,4.1768035888671875,4.2549285888671875,4.9736785888671875,4.9111785888671875,5.0049285888671875,5.2080535888671875,5.1455535888671875,5.7080535888671875,6.1455535888671875,7.3799285888671875,8.801803588867188,8.598678588867188,8.942428588867188,8.004928588867188,10.098678588867188,11.598678588867188,10.661178588867188,9.114303588867188,6.1299285888671875,6.5518035888671875,5.5986785888671875,4.5674285888671875,4.8330535888671875,4.4736785888671875,4.0986785888671875,3.5830535888671875,4.0361785888671875,4.1455535888671875,3.8018035888671875,3.3799285888671875
8.301803588867188,9.317428588867188,2.5986785888671875,3.2236785888671875,1.0830535888671875,2.1143035888671875,3.1299285888671875,1.8174285888671875,1.6455535888671875,3.4268035888671875,3.9893035888671875,4.3330535888671875,4.3955535888671875,3.8174285888671875,4.2080535888671875,4.7393035888671875,3.9580535888671875,4.9893035888671875,4.3174285888671875,4.1768035888671875,6.1455535888671875,6.1924285888671875,6.5986785888671875,6.5518035888671875,7.4736785888671875,8.145553588867188,8.098678588867188,9.254928588867188,7.9580535888671875,8.801803588867188,6.1299285888671875,5.1299285888671875,4.6768035888671875,4.5830535888671875,4.3799285888671875,4.0986785888671875,4.1299285888671875,4.1924285888671875,4.5518035888671875,4.5830535888671875,3.9893035888671875,3.4893035888671875
8.301803588867188,9.192428588867188,5.4736785888671875,3.2236785888671875,3.2549285888671875,1.8018035888671875,1.7393035888671875,3.1924285888671875,1.8018035888671875,1.7236785888671875,4.0518035888671875,4.3174285888671875,4.1143035888671875,3.8174285888671875,3.9111785888671875,3.2236785888671875,3.1611785888671875,2.9424285888671875,3.9893035888671875,3.9111785888671875,4.3330535888671875,5.1455535888671875,6.0518035888671875,6.6611785888671875,6.0205535888671875,6.6611785888671875,7.8018035888671875,6.8799285888671875,7.9424285888671875,6.7393035888671875,4.6455535888671875,4.3955535888671875,4.4111785888671875,4.3330535888671875,4.2549285888671875,4.1924285888671875,4.4424285888671875,5.3643035888671875,5.0361785888671875,6.1768035888671875,4.4893035888671875,3.5049285888671875
6.4424285888671875,10.551803588867188,10.504928588867188,3.5830535888671875,3.5205535888671875,2.7080535888671875,1.9268035888671875,3.0205535888671875,2.7236785888671875,2.2861785888671875,2.8174285888671875,4.3018035888671875,4.5205535888671875,3.8643035888671875,3.3955535888671875,3.7705535888671875,3.2080535888671875,2.6924285888671875,3.0986785888671875,3.8174285888671875,4.5518035888671875,5.1455535888671875,5.0518035888671875,5.4424285888671875,6.0049285888671875,5.0518035888671875,5.7861785888671875,5.7393035888671875,6.2861785888671875,4.3643035888671875,4.3486785888671875,3.9893035888671875,3.2080535888671875,3.9111785888671875,4.2549285888671875,4.3955535888671875,5.4580535888671875,5.3799285888671875,6.3486785888671875,5.8330535888671875,5.8643035888671875,5.5518035888671875
6.1299285888671875,8.161178588867188,8.473678588867188,6.5049285888671875,3.5205535888671875,4.4580535888671875,2.6924285888671875,2.6143035888671875,2.9111785888671875,2.3330535888671875,2.2393035888671875,3.5830535888671875,3.2236785888671875,3.1611785888671875,3.3799285888671875,3.4111785888671875,2.4736785888671875,2.6924285888671875,2.0049285888671875,3.3643035888671875,3.3018035888671875,3.9111785888671875,5.2393035888671875,5.1768035888671875,4.4424285888671875,3.4268035888671875,4.3955535888671875,3.7393035888671875,2.7236785888671875,3.4893035888671875,2.9111785888671875,2.0361785888671875,2.6455535888671875,2.6611785888671875,4.0049285888671875,5.3799285888671875,5.3955535888671875,6.5361785888671875,6.5361785888671875,6.7080535888671875,6.4111785888671875,6.1768035888671875
5.9893035888671875,7.9268035888671875,8.708053588867188,8.661178588867188,5.7393035888671875,4.6924285888671875,4.6143035888671875,3.0674285888671875,3.0361785888671875,3.0674285888671875,2.9893035888671875,3.7080535888671875,2.7705535888671875,2.5986785888671875,2.0674285888671875,3.0830535888671875,3.0049285888671875,2.5986785888671875,2.3018035888671875,2.3955535888671875,2.9736785888671875,2.6299285888671875,4.2080535888671875,3.9893035888671875,2.7080535888671875,3.4268035888671875,2.5986785888671875,1.3330535888671875,2.7236785888671875,0.2080535888671875,1.5830535888671875,1.0986785888671875,1.0205535888671875,2.3799285888671875,3.1299285888671875,4.7549285888671875,4.2393035888671875,5.0049285888671875,6.5518035888671875,6.1143035888671875,6.4736785888671875,6.5049285888671875
5.7549285888671875,7.5830535888671875,8.801803588867188,6.7393035888671875,4.5049285888671875,5.0986785888671875,2.4424285888671875,3.1768035888671875,3.0361785888671875,2.3643035888671875,3.0674285888671875,2.9893035888671875,3.6768035888671875,3.3018035888671875,3.2705535888671875,2.9580535888671875,3.3486785888671875,2.5830535888671875,2.2861785888671875,2.1611785888671875,1.5830535888671875,2.6143035888671875,2.8643035888671875,2.3018035888671875,2.2393035888671875,2.7705535888671875,1.2705535888671875,1.2080535888671875,-0.0106964111328125,-0.7919464111328125,-0.1200714111328125,1.0986785888671875,-0.4794464111328125,1.4893035888671875,1.4580535888671875,1.6768035888671875,2.2393035888671875,2.2549285888671875,3.3486785888671875,4.6299285888671875,4.6455535888671875,5.0830535888671875
5.8486785888671875,7.5830535888671875,7.7705535888671875,4.2080535888671875,4.1611785888671875,3.8799285888671875,1.7080535888671875,1.6455535888671875,2.4736785888671875,2.4736785888671875,2.3799285888671875,3.4893035888671875,3.8486785888671875,3.4736785888671875,3.2549285888671875,3.6299285888671875,2.5518035888671875,2.4736785888671875,2.4580535888671875,1.5205535888671875,1.4424285888671875,2.2393035888671875,1.5049285888671875,1.5986785888671875,2.1299285888671875,0.1611785888671875,0.8799285888671875,0.0674285888671875,-0.8856964111328125,-0.8075714111328125,-1.4794464111328125,-1.3075714111328125,0.8018035888671875,0.7705535888671875,-0.2763214111328125,-2.0106964111328125,-0.5419464111328125,0.0830535888671875,-1.5575714111328125,1.0361785888671875,-1.3231964111328125,-0.0419464111328125
