jetstream/jetstream_250mb_20180414_18Z.json
{"header": {"parameterCategory": 2, "parameterNumber": 3, "parameterNumberName": "northward_wind", "parameterUnit": "m/s", "nx": 62, "ny": 57, "lo1": 5713486.0, "la1": 4966839.0, "dx": 32462.991803278688, "dy": 32463.0, "refTime": "2018-04-14T18:00:00Z"}, "data":
[rows 0 to 18 of 57, columns 0 to 42 of 62]
-5.545867919921875,-7.108367919921875,-7.530242919921875,-9.702117919921875,-8.764617919921875,-11.623992919921875,-14.764617919921875,-15.686492919921875,-16.858367919921875,-16.467742919921875,-16.967742919921875,-14.764617919921875,-15.733367919921875,-16.295867919921875,-14.389617919921875,-12.764617919921875,-13.983367919921875,-14.014617919921875,-12.748992919921875,-11.545867919921875,-11.592742919921875,-9.842742919921875,-7.592742919921875,-7.592742919921875,-7.420867919921875,-7.295867919921875,-4.717742919921875,-4.545867919921875,-4.123992919921875,-2.077117919921875,-2.108367919921875,-1.764617919921875,-1.030242919921875,-1.077117919921875,-1.889617919921875,-0.733367919921875,-2.467742919921875,-2.748992919921875,-1.920867919921875,-0.998992919921875,-1.014617919921875,1.391632080078125,2.860382080078125
-5.436492919921875,-5.483367919921875,-8.014617919921875,-8.030242919921875,-11.780242919921875,-12.327117919921875,-14.795867919921875,-15.686492919921875,-17.327117919921875,-18.061492919921875,-16.967742919921875,-18.342742919921875,-16.248992919921875,-16.280242919921875,-16.452117919921875,-13.311492919921875,-13.342742919921875,-12.061492919921875,-10.952117919921875,-11.248992919921875,-9.077117919921875,-8.702117919921875,-7.467742919921875,-7.498992919921875,-7.358367919921875,-7.045867919921875,-7.092742919921875,-3.655242919921875,-2.998992919921875,-3.498992919921875,-0.858367919921875,-0.077117919921875,-0.905242919921875,-0.233367919921875,0.266632080078125,-0.733367919921875,-0.827117919921875,-2.014617919921875,-1.936492919921875,-1.420867919921875,0.282257080078125,1.797882080078125,2.844757080078125
-6.936492919921875,-6.139617919921875,-6.139617919921875,-6.967742919921875,-10.327117919921875,-12.327117919921875,-13.108367919921875,-16.342742919921875,-19.202117919921875,-19.233367919921875,-18.670867919921875,-19.108367919921875,-17.920867919921875,-14.780242919921875,-15.733367919921875,-16.467742919921875,-14.311492919921875,-15.280242919921875,-10.967742919921875,-12.389617919921875,-10.811492919921875,-10.858367919921875,-8.733367919921875,-6.530242919921875,-6.561492919921875,-7.045867919921875,-6.405242919921875,-5.514617919921875,-2.998992919921875,-2.623992919921875,-0.983367919921875,-0.092742919921875,0.422882080078125,0.735382080078125,0.704132080078125,0.922882080078125,-0.748992919921875,-0.780242919921875,-1.030242919921875,-0.108367919921875,1.282257080078125,1.797882080078125,3.719757080078125
-5.748992919921875,-6.139617919921875,-6.467742919921875,-7.764617919921875,-7.780242919921875,-10.936492919921875,-13.233367919921875,-13.686492919921875,-17.639617919921875,-17.014617919921875,-18.561492919921875,-19.108367919921875,-16.967742919921875,-15.092742919921875,-15.123992919921875,-16.436492919921875,-14.342742919921875,-14.373992919921875,-15.139617919921875,-13.123992919921875,-13.170867919921875,-11.358367919921875,-11.452117919921875,-8.920867919921875,-6.561492919921875,-7.452117919921875,-5.092742919921875,-5.139617919921875,-2.998992919921875,-1.545867919921875,-1.592742919921875,0.532257080078125,1.813507080078125,1.266632080078125,1.485382080078125,2.469757080078125,0.829132080078125,1.954132080078125,1.126007080078125,-0.108367919921875,1.094757080078125,3.657257080078125,5.563507080078125
-6.108367919921875,-6.045867919921875,-6.858367919921875,-8.873992919921875,-9.655242919921875,-11.030242919921875,-12.045867919921875,-12.639617919921875,-15.389617919921875,-18.077117919921875,-18.108367919921875,-15.092742919921875,-17.186492919921875,-17.217742919921875,-15.092742919921875,-16.592742919921875,-14.561492919921875,-14.905242919921875,-13.014617919921875,-13.530242919921875,-13.452117919921875,-11.545867919921875,-11.452117919921875,-10.264617919921875,-7.998992919921875,-8.545867919921875,-8.014617919921875,-4.530242919921875,-4.186492919921875,-1.592742919921875,-0.123992919921875,1.704132080078125,1.813507080078125,3.079132080078125,3.454132080078125,2.469757080078125,3.672882080078125,2.579132080078125,2.563507080078125,2.594757080078125,3.001007080078125,2.985382080078125,5.969757080078125
-2.202117919921875,-3.967742919921875,-6.858367919921875,-10.139617919921875,-10.561492919921875,-11.030242919921875,-14.405242919921875,-14.170867919921875,-14.186492919921875,-17.405242919921875,-16.514617919921875,-16.920867919921875,-14.967742919921875,-16.108367919921875,-16.295867919921875,-16.592742919921875,-15.233367919921875,-12.608367919921875,-12.639617919921875,-13.452117919921875,-12.405242919921875,-12.436492919921875,-9.467742919921875,-10.077117919921875,-10.123992919921875,-8.545867919921875,-7.686492919921875,-4.795867919921875,-4.186492919921875,-1.530242919921875,0.938507080078125,0.891632080078125,3.485382080078125,4.110382080078125,4.079132080078125,4.329132080078125,4.516632080078125,3.657257080078125,3.219757080078125,3.797882080078125,3.469757080078125,4.922882080078125,7.219757080078125
-4.155242919921875,-4.170867919921875,-7.530242919921875,-13.108367919921875,-13.139617919921875,-14.389617919921875,-17.139617919921875,-16.998992919921875,-15.764617919921875,-16.717742919921875,-19.373992919921875,-19.405242919921875,-18.045867919921875,-18.014617919921875,-18.045867919921875,-17.170867919921875,-15.811492919921875,-15.842742919921875,-13.811492919921875,-11.405242919921875,-11.733367919921875,-12.389617919921875,-10.045867919921875,-9.795867919921875,-9.639617919921875,-8.217742919921875,-7.233367919921875,-7.280242919921875,-3.905242919921875,-2.139617919921875,0.360382080078125,2.860382080078125,4.532257080078125,4.532257080078125,5.219757080078125,5.360382080078125,4.516632080078125,4.485382080078125,3.922882080078125,3.797882080078125,5.516632080078125,7.782257080078125,7.766632080078125
-4.108367919921875,-7.514617919921875,-8.717742919921875,-10.608367919921875,-13.811492919921875,-17.670867919921875,-17.139617919921875,-20.452117919921875,-18.905242919921875,-16.717742919921875,-17.233367919921875,-20.280242919921875,-20.233367919921875,-17.702117919921875,-17.373992919921875,-14.561492919921875,-16.405242919921875,-12.780242919921875,-14.514617919921875,-11.405242919921875,-12.045867919921875,-12.280242919921875,-12.327117919921875,-10.452117919921875,-9.248992919921875,-9.295867919921875,-7.952117919921875,-5.170867919921875,-3.358367919921875,-2.139617919921875,0.219757080078125,4.188507080078125,4.532257080078125,5.829132080078125,5.657257080078125,5.626007080078125,5.626007080078125,4.860382080078125,4.844757080078125,5.235382080078125,6.454132080078125,7.141632080078125,9.110382080078125
-2.670867919921875,-6.436492919921875,-8.717742919921875,-10.623992919921875,-18.780242919921875,-18.795867919921875,-21.155242919921875,-22.420867919921875,-22.436492919921875,-19.998992919921875,-21.577117919921875,-18.842742919921875,-20.233367919921875,-18.405242919921875,-16.483367919921875,-16.498992919921875,-15.483367919921875,-13.436492919921875,-13.452117919921875,-12.436492919921875,-12.311492919921875,-12.358367919921875,-11.498992919921875,-8.483367919921875,-10.748992919921875,-9.123992919921875,-8.795867919921875,-4.811492919921875,-4.858367919921875,-1.295867919921875,3.001007080078125,2.969757080078125,5.735382080078125,7.126007080078125,6.313507080078125,5.547882080078125,5.469757080078125,5.766632080078125,5.032257080078125,4.641632080078125,6.454132080078125,8.032257080078125,10.360382080078125
-3.373992919921875,-3.405242919921875,-7.623992919921875,-13.123992919921875,-15.530242919921875,-20.045867919921875,-20.170867919921875,-20.936492919921875,-21.061492919921875,-21.655242919921875,-21.577117919921875,-18.077117919921875,-19.514617919921875,-18.920867919921875,-18.952117919921875,-17.952117919921875,-16.670867919921875,-16.702117919921875,-15.327117919921875,-13.842742919921875,-12.920867919921875,-13.717742919921875,-11.873992919921875,-8.483367919921875,-7.967742919921875,-10.155242919921875,-10.202117919921875,-7.217742919921875,-3.264617919921875,0.126007080078125,1.501007080078125,4.266632080078125,6.954132080078125,7.126007080078125,8.157257080078125,7.610382080078125,5.469757080078125,6.110382080078125,5.126007080078125,5.110382080078125,5.016632080078125,8.438507080078125,8.422882080078125
-1.327117919921875,-2.686492919921875,-8.717742919921875,-13.123992919921875,-15.702117919921875,-19.217742919921875,-20.186492919921875,-21.014617919921875,-20.623992919921875,-20.639617919921875,-20.623992919921875,-18.905242919921875,-17.873992919921875,-18.905242919921875,-17.014617919921875,-14.748992919921875,-16.670867919921875,-14.530242919921875,-13.014617919921875,-13.030242919921875,-13.952117919921875,-12.077117919921875,-12.108367919921875,-12.108367919921875,-8.608367919921875,-8.655242919921875,-8.967742919921875,-8.202117919921875,-3.655242919921875,0.126007080078125,3.266632080078125,6.563507080078125,6.532257080078125,8.407257080078125,9.001007080078125,8.969757080078125,7.954132080078125,7.704132080078125,5.204132080078125,5.594757080078125,6.657257080078125,6.610382080078125,6.969757080078125
-2.295867919921875,-3.186492919921875,-3.217742919921875,-13.420867919921875,-17.748992919921875,-17.764617919921875,-19.202117919921875,-16.061492919921875,-20.436492919921875,-20.217742919921875,-18.686492919921875,-19.811492919921875,-17.264617919921875,-16.186492919921875,-17.561492919921875,-17.577117919921875,-16.639617919921875,-16.155242919921875,-16.186492919921875,-14.045867919921875,-14.545867919921875,-11.233367919921875,-11.827117919921875,-12.483367919921875,-9.639617919921875,-9.998992919921875,-10.155242919921875,-8.202117919921875,-6.827117919921875,-0.202117919921875,3.563507080078125,5.501007080078125,7.766632080078125,8.563507080078125,9.110382080078125,7.313507080078125,8.422882080078125,7.704132080078125,7.922882080078125,7.126007080078125,6.657257080078125,7.844757080078125,8.610382080078125
-2.889617919921875,-2.092742919921875,-8.811492919921875,-16.170867919921875,-14.264617919921875,-15.545867919921875,-19.233367919921875,-16.061492919921875,-16.514617919921875,-20.436492919921875,-18.686492919921875,-20.233367919921875,-19.014617919921875,-17.467742919921875,-17.373992919921875,-16.467742919921875,-13.452117919921875,-15.998992919921875,-16.233367919921875,-13.170867919921875,-14.545867919921875,-14.873992919921875,-11.795867919921875,-11.827117919921875,-13.748992919921875,-11.530242919921875,-11.561492919921875,-9.545867919921875,-8.139617919921875,-4.108367919921875,3.563507080078125,5.422882080078125,7.501007080078125,8.563507080078125,8.907257080078125,7.313507080078125,7.297882080078125,7.938507080078125,7.719757080078125,7.704132080078125,8.172882080078125,8.219757080078125,8.360382080078125
-2.889617919921875,-3.983367919921875,-12.639617919921875,-16.186492919921875,-16.264617919921875,-16.577117919921875,-16.592742919921875,-20.186492919921875,-18.280242919921875,-18.295867919921875,-20.155242919921875,-20.077117919921875,-19.061492919921875,-17.467742919921875,-17.858367919921875,-15.733367919921875,-15.748992919921875,-14.577117919921875,-16.748992919921875,-16.764617919921875,-13.686492919921875,-14.905242919921875,-15.436492919921875,-13.452117919921875,-14.592742919921875,-12.467742919921875,-11.639617919921875,-10.920867919921875,-8.155242919921875,-5.358367919921875,3.188507080078125,6.563507080078125,6.547882080078125,7.704132080078125,7.547882080078125,8.297882080078125,8.016632080078125,7.313507080078125,7.688507080078125,6.579132080078125,7.407257080078125,8.219757080078125,8.985382080078125
-3.702117919921875,-10.811492919921875,-10.858367919921875,-14.545867919921875,-16.061492919921875,-16.827117919921875,-17.873992919921875,-19.686492919921875,-19.092742919921875,-19.780242919921875,-18.311492919921875,-20.077117919921875,-19.092742919921875,-17.655242919921875,-17.123992919921875,-18.108367919921875,-17.123992919921875,-14.655242919921875,-15.514617919921875,-17.061492919921875,-15.577117919921875,-14.920867919921875,-15.733367919921875,-14.077117919921875,-14.592742919921875,-13.186492919921875,-12.045867919921875,-12.061492919921875,-8.967742919921875,-2.467742919921875,-2.483367919921875,4.610382080078125,4.376007080078125,6.204132080078125,7.547882080078125,6.829132080078125,6.719757080078125,7.313507080078125,6.782257080078125,7.016632080078125,7.001007080078125,8.501007080078125,9.813507080078125
-6.655242919921875,-6.858367919921875,-11.327117919921875,-16.186492919921875,-16.061492919921875,-18.655242919921875,-18.358367919921875,-18.358367919921875,-19.327117919921875,-18.248992919921875,-18.264617919921875,-16.342742919921875,-15.248992919921875,-15.264617919921875,-17.123992919921875,-17.686492919921875,-16.327117919921875,-14.655242919921875,-15.498992919921875,-14.545867919921875,-14.561492919921875,-15.623992919921875,-14.514617919921875,-14.545867919921875,-14.748992919921875,-13.483367919921875,-12.686492919921875,-11.717742919921875,-10.327117919921875,-8.217742919921875,-0.920867919921875,-0.498992919921875,3.766632080078125,3.751007080078125,5.704132080078125,6.391632080078125,6.360382080078125,6.376007080078125,5.735382080078125,6.672882080078125,8.157257080078125,8.985382080078125,9.344757080078125
-5.217742919921875,-9.592742919921875,-12.608367919921875,-12.639617919921875,-17.592742919921875,-19.108367919921875,-19.139617919921875,-19.217742919921875,-19.123992919921875,-20.405242919921875,-19.561492919921875,-20.077117919921875,-17.280242919921875,-18.373992919921875,-16.264617919921875,-18.795867919921875,-18.811492919921875,-18.264617919921875,-16.811492919921875,-17.436492919921875,-15.702117919921875,-16.483367919921875,-13.561492919921875,-14.217742919921875,-14.952117919921875,-13.483367919921875,-13.155242919921875,-12.405242919921875,-10.327117919921875,-10.092742919921875,-6.373992919921875,-6.561492919921875,-1.202117919921875,2.391632080078125,1.516632080078125,5.266632080078125,4.157257080078125,3.641632080078125,5.735382080078125,5.469757080078125,7.954132080078125,7.922882080078125,9.938507080078125
-5.936492919921875,-5.327117919921875,-9.483367919921875,-14.545867919921875,-13.514617919921875,-16.702117919921875,-14.014617919921875,-17.045867919921875,-19.123992919921875,-16.545867919921875,-18.483367919921875,-18.498992919921875,-20.264617919921875,-19.577117919921875,-18.092742919921875,-18.139617919921875,-17.827117919921875,-18.233367919921875,-16.811492919921875,-17.530242919921875,-15.514617919921875,-16.483367919921875,-14.030242919921875,-14.748992919921875,-14.748992919921875,-13.952117919921875,-12.592742919921875,-12.592742919921875,-11.748992919921875,-11.030242919921875,-9.717742919921875,-6.561492919921875,-7.530242919921875,-3.889617919921875,-3.905242919921875,0.672882080078125,1.907257080078125,1.907257080078125,2.266632080078125,5.126007080078125,5.094757080078125,8.360382080078125,8.016632080078125
-4.764617919921875,-5.327117919921875,-8.327117919921875,-11.248992919921875,-11.264617919921875,-14.373992919921875,-14.811492919921875,-14.827117919921875,-17.702117919921875,-17.452117919921875,-17.467742919921875,-18.639617919921875,-19.233367919921875,-18.639617919921875,-18.092742919921875,-18.952117919921875,-17.452117919921875,-17.467742919921875,-16.905242919921875,-18.014617919921875,-18.014617919921875,-16.498992919921875,-16.639617919921875,-14.139617919921875,-12.483367919921875,-12.998992919921875,-12.983367919921875,-12.030242919921875,-11.530242919921875,-11.030242919921875,-10.670867919921875,-9.748992919921875,-7.248992919921875,-7.248992919921875,-3.186492919921875,-3.186492919921875,-0.764617919921875,-1.061492919921875,-2.123992919921875,1.001007080078125,0.188507080078125,3.719757080078125,8.001007080078125
