jetstream/jetstream_250mb_20180414_18Z.json
{"header": {"parameterCategory": 2, "parameterNumber": 3, "parameterNumberName": "northward_wind", "parameterUnit": "m/s", "nx": 62, "ny": 57, "lo1": 5713486.0, "la1": 4966839.0, "dx": 32462.991803278688, "dy": 32463.0, "refTime": "2018-04-14T18:00:00Z"}, "data":
[rows 19 to 37 of 57, columns 0 to 42 of 62]
-3.389617919921875,-7.014617919921875,-12.920867919921875,-12.936492919921875,-12.155242919921875,-12.764617919921875,-15.436492919921875,-16.139617919921875,-16.155242919921875,-16.827117919921875,-16.577117919921875,-17.202117919921875,-19.233367919921875,-18.873992919921875,-18.467742919921875,-18.030242919921875,-17.077117919921875,-15.233367919921875,-16.483367919921875,-16.873992919921875,-14.967742919921875,-16.373992919921875,-16.639617919921875,-15.483367919921875,-14.827117919921875,-12.998992919921875,-13.170867919921875,-11.889617919921875,-11.889617919921875,-10.952117919921875,-10.389617919921875,-10.389617919921875,-8.780242919921875,-7.655242919921875,-5.123992919921875,-3.186492919921875,-3.280242919921875,-3.045867919921875,-3.030242919921875,-2.608367919921875,-0.530242919921875,-0.514617919921875,2.157257080078125
-5.295867919921875,-8.889617919921875,-10.795867919921875,-11.748992919921875,-13.498992919921875,-12.764617919921875,-13.186492919921875,-13.686492919921875,-13.702117919921875,-15.452117919921875,-16.170867919921875,-16.186492919921875,-16.420867919921875,-14.983367919921875,-16.170867919921875,-18.030242919921875,-18.092742919921875,-17.561492919921875,-16.483367919921875,-16.561492919921875,-16.561492919921875,-16.561492919921875,-15.155242919921875,-14.342742919921875,-14.358367919921875,-13.327117919921875,-13.108367919921875,-12.498992919921875,-11.248992919921875,-10.811492919921875,-10.655242919921875,-10.264617919921875,-8.248992919921875,-6.733367919921875,-6.717742919921875,-4.452117919921875,-3.373992919921875,-3.358367919921875,-3.514617919921875,-3.748992919921875,-2.952117919921875,-1.202117919921875,-1.202117919921875
-5.702117919921875,-5.733367919921875,-9.670867919921875,-12.139617919921875,-12.155242919921875,-12.795867919921875,-8.155242919921875,-10.014617919921875,-12.842742919921875,-13.280242919921875,-14.780242919921875,-15.139617919921875,-13.233367919921875,-14.983367919921875,-15.905242919921875,-16.702117919921875,-16.905242919921875,-16.920867919921875,-16.858367919921875,-15.748992919921875,-16.733367919921875,-15.280242919921875,-15.295867919921875,-14.655242919921875,-14.889617919921875,-13.842742919921875,-13.108367919921875,-12.467742919921875,-11.561492919921875,-10.811492919921875,-10.514617919921875,-9.702117919921875,-9.686492919921875,-7.389617919921875,-5.639617919921875,-4.498992919921875,-3.983367919921875,-3.842742919921875,-3.764617919921875,-3.733367919921875,-3.905242919921875,-2.577117919921875,-2.545867919921875
-2.967742919921875,-6.858367919921875,-7.873992919921875,-9.608367919921875,-11.514617919921875,-9.139617919921875,-8.155242919921875,-6.014617919921875,-9.842742919921875,-13.280242919921875,-13.905242919921875,-15.217742919921875,-15.233367919921875,-14.936492919921875,-15.795867919921875,-15.811492919921875,-16.389617919921875,-16.795867919921875,-15.170867919921875,-15.748992919921875,-14.545867919921875,-15.342742919921875,-15.295867919921875,-15.467742919921875,-13.280242919921875,-13.264617919921875,-12.139617919921875,-12.248992919921875,-12.217742919921875,-11.311492919921875,-10.858367919921875,-9.920867919921875,-8.686492919921875,-7.702117919921875,-5.327117919921875,-5.295867919921875,-3.608367919921875,-3.889617919921875,-3.842742919921875,-4.092742919921875,-3.733367919921875,-3.686492919921875,-4.077117919921875
-1.889617919921875,-5.420867919921875,-7.873992919921875,-8.186492919921875,-9.014617919921875,-9.030242919921875,-9.155242919921875,-7.920867919921875,-7.920867919921875,-12.420867919921875,-14.858367919921875,-15.483367919921875,-14.952117919921875,-14.030242919921875,-14.639617919921875,-16.030242919921875,-16.686492919921875,-16.170867919921875,-16.186492919921875,-14.155242919921875,-14.748992919921875,-14.733367919921875,-13.030242919921875,-12.233367919921875,-12.592742919921875,-11.952117919921875,-13.530242919921875,-11.889617919921875,-11.998992919921875,-11.670867919921875,-10.858367919921875,-9.842742919921875,-7.998992919921875,-7.702117919921875,-5.670867919921875,-3.920867919921875,-4.858367919921875,-4.030242919921875,-3.905242919921875,-3.717742919921875,-4.420867919921875,-4.717742919921875,-4.530242919921875
-3.483367919921875,-3.498992919921875,-6.342742919921875,-7.170867919921875,-8.170867919921875,-9.842742919921875,-9.248992919921875,-10.561492919921875,-9.577117919921875,-11.123992919921875,-14.858367919921875,-13.561492919921875,-13.561492919921875,-14.030242919921875,-14.217742919921875,-14.827117919921875,-12.514617919921875,-15.452117919921875,-13.623992919921875,-14.061492919921875,-14.436492919921875,-14.498992919921875,-14.545867919921875,-12.233367919921875,-14.295867919921875,-13.795867919921875,-13.764617919921875,-13.233367919921875,-12.280242919921875,-12.233367919921875,-10.748992919921875,-8.670867919921875,-8.623992919921875,-6.920867919921875,-6.248992919921875,-5.170867919921875,-4.842742919921875,-4.795867919921875,-3.514617919921875,-3.467742919921875,-4.233367919921875,-4.498992919921875,-4.452117919921875
-2.295867919921875,-3.077117919921875,-5.389617919921875,-7.170867919921875,-7.155242919921875,-7.530242919921875,-9.248992919921875,-9.561492919921875,-9.936492919921875,-9.952117919921875,-11.248992919921875,-10.702117919921875,-10.717742919921875,-13.170867919921875,-12.827117919921875,-14.092742919921875,-12.514617919921875,-14.170867919921875,-12.530242919921875,-12.514617919921875,-11.717742919921875,-13.623992919921875,-13.592742919921875,-13.842742919921875,-13.764617919921875,-13.733367919921875,-12.795867919921875,-12.311492919921875,-13.045867919921875,-11.670867919921875,-10.108367919921875,-9.389617919921875,-8.217742919921875,-6.530242919921875,-5.373992919921875,-5.327117919921875,-4.592742919921875,-4.483367919921875,-3.936492919921875,-4.186492919921875,-4.467742919921875,-4.858367919921875,-3.967742919921875
-1.108367919921875,-2.858367919921875,-2.873992919921875,-4.358367919921875,-6.342742919921875,-6.358367919921875,-6.873992919921875,-6.764617919921875,-9.358367919921875,-6.936492919921875,-7.061492919921875,-10.373992919921875,-11.561492919921875,-11.530242919921875,-12.827117919921875,-10.967742919921875,-13.983367919921875,-14.342742919921875,-14.342742919921875,-13.639617919921875,-13.373992919921875,-13.155242919921875,-12.623992919921875,-12.733367919921875,-13.498992919921875,-13.639617919921875,-11.998992919921875,-12.311492919921875,-12.327117919921875,-11.373992919921875,-11.327117919921875,-8.827117919921875,-7.327117919921875,-7.280242919921875,-5.920867919921875,-4.780242919921875,-4.498992919921875,-4.467742919921875,-4.170867919921875,-3.967742919921875,-4.452117919921875,-3.827117919921875,-3.248992919921875
0.657257080078125,-0.592742919921875,-1.655242919921875,-2.077117919921875,-2.639617919921875,-1.530242919921875,-5.623992919921875,-6.764617919921875,-7.061492919921875,-9.170867919921875,-7.061492919921875,-9.170867919921875,-9.342742919921875,-9.342742919921875,-12.248992919921875,-11.358367919921875,-11.077117919921875,-13.905242919921875,-14.030242919921875,-14.202117919921875,-13.373992919921875,-14.077117919921875,-14.498992919921875,-14.452117919921875,-13.905242919921875,-13.217742919921875,-13.186492919921875,-12.139617919921875,-12.202117919921875,-12.155242919921875,-9.967742919921875,-8.639617919921875,-7.858367919921875,-6.561492919921875,-6.202117919921875,-5.280242919921875,-5.233367919921875,-4.233367919921875,-4.202117919921875,-4.139617919921875,-2.983367919921875,-3.405242919921875,-3.108367919921875
0.657257080078125,1.141632080078125,0.938507080078125,-2.077117919921875,-1.295867919921875,-2.139617919921875,-2.155242919921875,-5.123992919921875,-6.952117919921875,-6.967742919921875,-8.467742919921875,-8.967742919921875,-10.186492919921875,-10.389617919921875,-11.233367919921875,-12.733367919921875,-12.827117919921875,-11.889617919921875,-11.186492919921875,-11.170867919921875,-13.733367919921875,-14.061492919921875,-14.030242919921875,-14.858367919921875,-14.733367919921875,-14.608367919921875,-12.920867919921875,-11.452117919921875,-11.686492919921875,-10.561492919921875,-10.061492919921875,-8.623992919921875,-7.967742919921875,-6.764617919921875,-6.670867919921875,-6.123992919921875,-4.733367919921875,-3.998992919921875,-4.061492919921875,-3.608367919921875,-2.827117919921875,-3.389617919921875,-2.920867919921875
1.969757080078125,1.751007080078125,1.735382080078125,1.251007080078125,0.422882080078125,-1.139617919921875,-2.670867919921875,-3.358367919921875,-5.202117919921875,-5.295867919921875,-7.108367919921875,-8.967742919921875,-9.092742919921875,-10.014617919921875,-10.014617919921875,-11.155242919921875,-12.577117919921875,-11.733367919921875,-12.545867919921875,-12.311492919921875,-12.670867919921875,-13.264617919921875,-13.014617919921875,-14.452117919921875,-14.733367919921875,-12.748992919921875,-11.436492919921875,-11.389617919921875,-9.936492919921875,-10.967742919921875,-10.920867919921875,-9.264617919921875,-8.655242919921875,-7.452117919921875,-6.655242919921875,-4.998992919921875,-4.045867919921875,-3.998992919921875,-3.717742919921875,-1.373992919921875,-1.327117919921875,-2.873992919921875,-3.561492919921875
3.188507080078125,2.594757080078125,3.110382080078125,1.860382080078125,0.422882080078125,0.704132080078125,-1.702117919921875,-1.702117919921875,-3.592742919921875,-5.733367919921875,-5.733367919921875,-7.905242919921875,-9.670867919921875,-9.670867919921875,-10.311492919921875,-10.483367919921875,-11.452117919921875,-11.733367919921875,-10.608367919921875,-12.248992919921875,-12.217742919921875,-12.186492919921875,-13.405242919921875,-13.358367919921875,-12.545867919921875,-11.733367919921875,-11.967742919921875,-11.498992919921875,-11.545867919921875,-10.623992919921875,-10.045867919921875,-9.373992919921875,-8.639617919921875,-8.077117919921875,-5.217742919921875,-4.717742919921875,-4.670867919921875,-2.842742919921875,-3.436492919921875,-1.436492919921875,-3.983367919921875,-5.108367919921875,-4.170867919921875
4.094757080078125,3.813507080078125,3.235382080078125,3.219757080078125,2.188507080078125,-0.561492919921875,-0.561492919921875,-1.452117919921875,-2.264617919921875,-4.045867919921875,-6.217742919921875,-6.655242919921875,-8.139617919921875,-8.077117919921875,-9.561492919921875,-10.483367919921875,-10.217742919921875,-11.561492919921875,-11.342742919921875,-11.811492919921875,-11.217742919921875,-11.280242919921875,-12.248992919921875,-11.577117919921875,-11.295867919921875,-11.733367919921875,-11.592742919921875,-11.327117919921875,-11.530242919921875,-11.655242919921875,-10.748992919921875,-10.702117919921875,-8.045867919921875,-7.373992919921875,-7.217742919921875,-5.639617919921875,-4.764617919921875,-3.545867919921875,-3.420867919921875,-3.936492919921875,-3.655242919921875,-5.092742919921875,-4.780242919921875
4.282257080078125,4.985382080078125,4.094757080078125,3.172882080078125,3.172882080078125,2.110382080078125,2.735382080078125,-0.780242919921875,-2.264617919921875,-2.764617919921875,-5.639617919921875,-5.639617919921875,-7.467742919921875,-8.748992919921875,-8.733367919921875,-9.498992919921875,-10.061492919921875,-9.998992919921875,-11.342742919921875,-9.811492919921875,-9.827117919921875,-11.264617919921875,-10.139617919921875,-10.577117919921875,-10.545867919921875,-10.623992919921875,-11.327117919921875,-11.280242919921875,-11.061492919921875,-10.577117919921875,-10.342742919921875,-9.123992919921875,-9.858367919921875,-8.623992919921875,-7.202117919921875,-6.639617919921875,-4.561492919921875,-4.514617919921875,-4.327117919921875,-3.123992919921875,-3.077117919921875,-4.342742919921875,-4.358367919921875
5.016632080078125,4.985382080078125,5.438507080078125,4.485382080078125,4.485382080078125,3.313507080078125,2.969757080078125,2.969757080078125,-0.842742919921875,-1.342742919921875,-3.077117919921875,-5.452117919921875,-5.936492919921875,-7.561492919921875,-8.717742919921875,-8.530242919921875,-8.998992919921875,-8.967742919921875,-9.952117919921875,-8.983367919921875,-8.952117919921875,-8.655242919921875,-7.608367919921875,-9.764617919921875,-9.436492919921875,-10.217742919921875,-10.623992919921875,-10.967742919921875,-10.483367919921875,-10.561492919921875,-10.483367919921875,-10.436492919921875,-9.842742919921875,-8.873992919921875,-7.233367919921875,-5.998992919921875,-5.327117919921875,-4.967742919921875,-4.311492919921875,-4.155242919921875,-3.873992919921875,-3.717742919921875,-4.342742919921875
5.813507080078125,4.704132080078125,5.438507080078125,5.344757080078125,4.626007080078125,4.251007080078125,3.126007080078125,1.126007080078125,0.329132080078125,-1.342742919921875,-2.014617919921875,-4.186492919921875,-5.936492919921875,-6.389617919921875,-7.405242919921875,-7.389617919921875,-8.217742919921875,-8.998992919921875,-9.014617919921875,-8.920867919921875,-8.686492919921875,-7.592742919921875,-7.608367919921875,-8.514617919921875,-9.217742919921875,-10.202117919921875,-10.295867919921875,-10.592742919921875,-10.545867919921875,-10.061492919921875,-10.389617919921875,-10.327117919921875,-9.592742919921875,-9.030242919921875,-7.030242919921875,-5.983367919921875,-6.873992919921875,-5.123992919921875,-5.045867919921875,-4.030242919921875,-3.311492919921875,-3.248992919921875,-4.327117919921875
7.376007080078125,7.672882080078125,5.438507080078125,6.032257080078125,5.422882080078125,4.251007080078125,3.751007080078125,2.032257080078125,2.047882080078125,-0.389617919921875,-2.655242919921875,-2.639617919921875,-4.952117919921875,-5.155242919921875,-6.280242919921875,-7.233367919921875,-7.233367919921875,-7.592742919921875,-8.998992919921875,-8.733367919921875,-8.717742919921875,-8.686492919921875,-7.952117919921875,-7.733367919921875,-7.686492919921875,-8.811492919921875,-7.920867919921875,-9.780242919921875,-9.858367919921875,-9.233367919921875,-9.702117919921875,-9.123992919921875,-9.061492919921875,-9.014617919921875,-8.248992919921875,-8.139617919921875,-6.123992919921875,-6.061492919921875,-4.702117919921875,-4.389617919921875,-3.764617919921875,-3.280242919921875,-3.545867919921875
8.610382080078125,8.610382080078125,7.797882080078125,5.969757080078125,5.954132080078125,5.157257080078125,5.282257080078125,3.766632080078125,0.766632080078125,0.360382080078125,-0.998992919921875,-3.186492919921875,-3.686492919921875,-5.155242919921875,-5.280242919921875,-6.373992919921875,-7.405242919921875,-7.373992919921875,-7.983367919921875,-7.045867919921875,-8.467742919921875,-8.139617919921875,-7.483367919921875,-6.717742919921875,-7.061492919921875,-7.467742919921875,-7.905242919921875,-8.327117919921875,-8.702117919921875,-9.217742919921875,-8.498992919921875,-8.639617919921875,-8.577117919921875,-8.686492919921875,-9.248992919921875,-8.514617919921875,-7.295867919921875,-6.498992919921875,-5.108367919921875,-4.373992919921875,-4.030242919921875,-3.545867919921875,-3.483367919921875
7.876007080078125,8.454132080078125,8.376007080078125,7.204132080078125,7.188507080078125,5.313507080078125,5.282257080078125,4.532257080078125,2.172882080078125,0.360382080078125,-0.186492919921875,-1.561492919921875,-1.545867919921875,-3.889617919921875,-5.514617919921875,-5.498992919921875,-6.545867919921875,-5.920867919921875,-6.748992919921875,-7.030242919921875,-8.155242919921875,-7.655242919921875,-7.623992919921875,-6.733367919921875,-6.827117919921875,-6.764617919921875,-7.545867919921875,-8.389617919921875,-8.327117919921875,-7.983367919921875,-6.983367919921875,-7.764617919921875,-7.702117919921875,-7.858367919921875,-8.545867919921875,-8.467742919921875,-8.030242919921875,-5.702117919921875,-5.639617919921875,-4.592742919921875,-3.670867919921875,-3.608367919921875,-2.530242919921875
